391.796000,-618.020000,-209.976000,0.000000
-116.204000,-526.020000,-53.976000,0.010000
267.796000,85.980000,154.024000,0.010000
919.796000,681.980000,146.024000,0.020000
1071.796000,477.980000,222.024000,0.020000
399.796000,297.980000,-617.976000,0.030000
159.796000,-494.020000,-69.976000,0.030000
159.796000,-466.020000,-413.976000,0.040000
363.796000,193.980000,-621.976000,0.040000
675.796000,237.980000,-725.976000,0.050000
479.796000,-78.020000,-693.976000,0.050000
103.796000,-178.020000,-365.976000,0.050000
23.796000,-218.020000,430.024000,0.060000
651.796000,-170.020000,158.024000,0.060000
247.796000,69.980000,-173.976000,0.070000
119.796000,321.980000,-473.976000,0.070000
-52.204000,537.980000,-585.976000,0.080000
655.796000,-278.020000,2.024000,0.080000
11.796000,-174.020000,-189.976000,0.090000
535.796000,-178.020000,-301.976000,0.090000
719.796000,37.980000,-357.976000,0.100000
147.796000,-122.020000,34.024000,0.100000
11.796000,-290.020000,-433.976000,0.110000
307.796000,69.980000,518.024000,0.110000
479.796000,329.980000,-541.976000,0.120000
651.796000,-258.020000,-121.976000,0.120000
331.796000,-158.020000,-205.976000,0.120000
27.796000,-430.020000,-289.976000,0.130000
535.796000,261.980000,-169.976000,0.130000
611.796000,565.980000,-125.976000,0.140000
599.796000,-46.020000,226.024000,0.140000
691.796000,-630.020000,-77.976000,0.150000
175.796000,-358.020000,-473.976000,0.150000
191.796000,-446.020000,-385.976000,0.160000
363.796000,-42.020000,-761.976000,0.160000
739.796000,521.980000,-257.976000,0.170000
1127.796000,417.980000,166.024000,0.170000
367.796000,-234.020000,410.024000,0.170000
-120.204000,-370.020000,46.024000,0.180000
339.796000,-218.020000,-129.976000,0.180000
395.796000,465.980000,-233.976000,0.190000
819.796000,237.980000,-449.976000,0.190000
719.796000,161.980000,-61.976000,0.200000
99.796000,-390.020000,-541.976000,0.200000
119.796000,-494.020000,38.024000,0.210000
343.796000,-338.020000,-193.976000,0.210000
311.796000,185.980000,34.024000,0.220000
739.796000,897.980000,150.024000,0.220000
755.796000,141.980000,-233.976000,0.220000
-116.204000,-278.020000,-917.976000,0.230000
-344.204000,-362.020000,-85.976000,0.230000
-28.204000,-250.020000,202.024000,0.240000
511.796000,-70.020000,118.024000,0.240000
751.796000,161.980000,-241.976000,0.250000
547.796000,189.980000,-337.976000,0.250000
115.796000,149.980000,-429.976000,0.260000
335.796000,-550.020000,-65.976000,0.260000
115.796000,-746.020000,-449.976000,0.270000
79.796000,177.980000,-429.976000,0.270000
419.796000,481.980000,-89.976000,0.280000
507.796000,545.980000,-13.976000,0.280000
567.796000,-122.020000,-69.976000,0.280000
423.796000,-458.020000,-109.976000,0.290000
363.796000,-482.020000,74.024000,0.290000
163.796000,-18.020000,70.024000,0.300000
431.796000,321.980000,-297.976000,0.300000
707.796000,293.980000,-961.976000,0.310000
351.796000,133.980000,-541.976000,0.310000
-264.204000,-246.020000,-81.976000,0.320000
411.796000,-334.020000,-37.976000,0.320000
587.796000,-286.020000,-205.976000,0.330000
495.796000,185.980000,-393.976000,0.330000
623.796000,225.980000,-29.976000,0.340000
435.796000,517.980000,-141.976000,0.340000
179.796000,-450.020000,-89.976000,0.350000
351.796000,-418.020000,286.024000,0.350000
-8.204000,-114.020000,-33.976000,0.350000
479.796000,129.980000,-569.976000,0.360000
571.796000,321.980000,-409.976000,0.360000
379.796000,41.980000,-625.976000,0.370000
467.796000,-374.020000,-37.976000,0.370000
51.796000,-434.020000,34.024000,0.380000
523.796000,-46.020000,526.024000,0.380000
511.796000,61.980000,62.024000,0.390000
947.796000,5.980000,-41.976000,0.390000
255.796000,133.980000,-333.976000,0.400000
-52.204000,97.980000,-925.976000,0.400000
139.796000,-378.020000,-77.976000,0.400000
463.796000,-146.020000,134.024000,0.410000
319.796000,-190.020000,362.024000,0.410000
251.796000,325.980000,154.024000,0.420000
295.796000,401.980000,-321.976000,0.420000
419.796000,-318.020000,-525.976000,0.430000
39.796000,-366.020000,-353.976000,0.430000
107.796000,65.980000,-293.976000,0.440000
583.796000,-262.020000,-57.976000,0.440000
439.796000,29.980000,-473.976000,0.450000
367.796000,177.980000,62.024000,0.450000
247.796000,269.980000,-337.976000,0.450000
823.796000,117.980000,38.024000,0.460000
531.796000,-10.020000,-189.976000,0.460000
187.796000,-522.020000,-461.976000,0.470000
159.796000,-282.020000,-509.976000,0.470000
279.796000,541.980000,-649.976000,0.480000
555.796000,681.980000,-365.976000,0.480000
855.796000,-318.020000,-21.976000,0.490000
279.796000,-434.020000,-129.976000,0.490000
-112.204000,-650.020000,334.024000,0.500000
131.796000,37.980000,190.024000,0.500000
723.796000,353.980000,-201.976000,0.510000
1059.796000,509.980000,-485.976000,0.510000
467.796000,221.980000,-297.976000,0.510000
67.796000,-6.020000,-77.976000,0.520000
467.796000,-550.020000,-101.976000,0.520000
419.796000,-702.020000,374.024000,0.530000
659.796000,605.980000,-325.976000,0.530000
691.796000,609.980000,-301.976000,0.540000
643.796000,449.980000,-845.976000,0.540000
135.796000,-130.020000,-237.976000,0.550000
-180.204000,-874.020000,146.024000,0.550000
63.796000,-622.020000,586.024000,0.560000
599.796000,121.980000,-225.976000,0.560000
747.796000,681.980000,-429.976000,0.570000
499.796000,269.980000,-185.976000,0.570000
167.796000,65.980000,-89.976000,0.570000
-128.204000,-210.020000,46.024000,0.580000
15.796000,-594.020000,-461.976000,0.580000
611.796000,-126.020000,-145.976000,0.590000
379.796000,29.980000,-361.976000,0.590000
439.796000,185.980000,-105.976000,0.600000
411.796000,-82.020000,-361.976000,0.600000
487.796000,-242.020000,-333.976000,0.610000
207.796000,-286.020000,-137.976000,0.610000
387.796000,245.980000,-409.976000,0.620000
659.796000,165.980000,186.024000,0.620000
439.796000,97.980000,70.024000,0.630000
315.796000,-82.020000,-305.976000,0.630000
391.796000,-434.020000,-125.976000,0.630000
303.796000,-194.020000,-365.976000,0.640000
291.796000,-58.020000,-309.976000,0.640000
803.796000,129.980000,62.024000,0.650000
567.796000,65.980000,-261.976000,0.650000
167.796000,-170.020000,34.024000,0.660000
219.796000,-2.020000,114.024000,0.660000
351.796000,133.980000,58.024000,0.670000
771.796000,-322.020000,-17.976000,0.670000
611.796000,25.980000,-305.976000,0.680000
51.796000,21.980000,-409.976000,0.680000
147.796000,33.980000,-549.976000,0.690000
775.796000,125.980000,390.024000,0.690000
791.796000,-146.020000,-241.976000,0.690000
31.796000,-174.020000,-485.976000,0.700000
-1564.204000,-614.020000,90.024000,0.700000
-708.204000,-626.020000,922.024000,0.710000
87.796000,-586.020000,1562.024000,0.710000
1311.796000,333.980000,-677.976000,0.720000
275.796000,-14.020000,442.024000,0.720000
787.796000,-250.020000,-729.976000,0.730000
1123.796000,-374.020000,-1253.976000,0.730000
1291.796000,-230.020000,-773.976000,0.740000
495.796000,453.980000,-181.976000,0.740000
267.796000,289.980000,-1309.976000,0.750000
703.796000,-242.020000,-293.976000,0.750000
-152.204000,-422.020000,402.024000,0.750000
515.796000,-382.020000,1690.024000,0.760000
-36.204000,557.980000,774.024000,0.760000
1423.796000,793.980000,-545.976000,0.770000
2651.796000,-354.020000,-881.976000,0.770000
39.796000,473.980000,-1097.976000,0.780000
-1932.204000,-690.020000,-1269.976000,0.780000
-140.204000,173.980000,-1601.976000,0.790000
1155.796000,593.980000,142.024000,0.790000
79.796000,737.980000,-181.976000,0.800000
419.796000,-6.020000,234.024000,0.800000
-1096.204000,-910.020000,406.024000,0.810000
-1888.204000,-910.020000,-1829.976000,0.810000
1303.796000,-514.020000,-2009.976000,0.810000
1563.796000,965.980000,-1317.976000,0.820000
-204.204000,929.980000,-457.976000,0.820000
-28.204000,-106.020000,898.024000,0.830000
575.796000,-78.020000,-157.976000,0.830000
1555.796000,-502.020000,122.024000,0.840000
1243.796000,-450.020000,-481.976000,0.840000
-376.204000,297.980000,-585.976000,0.850000
-172.204000,321.980000,-37.976000,0.850000
531.796000,109.980000,182.024000,0.860000
1331.796000,57.980000,938.024000,0.860000
-1048.204000,-650.020000,698.024000,0.860000
-1284.204000,-878.020000,198.024000,0.870000
399.796000,-474.020000,-985.976000,0.880000
267.796000,253.980000,-957.976000,0.880000
967.796000,669.980000,-49.976000,0.880000
1351.796000,669.980000,-501.976000,0.890000
1999.796000,245.980000,-637.976000,0.890000
-416.204000,149.980000,-249.976000,0.900000
-640.204000,517.980000,-849.976000,0.900000
1311.796000,181.980000,578.024000,0.910000
619.796000,-230.020000,142.024000,0.910000
787.796000,-166.020000,314.024000,0.920000
-264.204000,-434.020000,218.024000,0.920000
235.796000,-410.020000,-145.976000,0.930000
431.796000,-186.020000,-1417.976000,0.930000
395.796000,-106.020000,-637.976000,0.930000
407.796000,1157.980000,-913.976000,0.940000
195.796000,649.980000,338.024000,0.940000
863.796000,97.980000,54.024000,0.950000
-360.204000,-494.020000,458.024000,0.950000
-304.204000,-238.020000,-321.976000,0.960000
279.796000,-302.020000,110.024000,0.960000
1339.796000,29.980000,338.024000,0.970000
699.796000,-198.020000,94.024000,0.970000
119.796000,-386.020000,90.024000,0.980000
327.796000,-270.020000,-821.976000,0.980000
-92.204000,-278.020000,-1665.976000,0.980000
531.796000,229.980000,-1261.976000,0.990000
-676.204000,269.980000,-209.976000,0.990000
295.796000,557.980000,698.024000,1.000000
1319.796000,101.980000,1466.024000,1.000000
-284.204000,61.980000,-557.976000,1.010000
719.796000,193.980000,294.024000,1.010000
767.796000,-78.020000,-1401.976000,1.020000
659.796000,-730.020000,-889.976000,1.020000
-176.204000,-222.020000,-817.976000,1.030000
-328.204000,-130.020000,546.024000,1.030000
839.796000,81.980000,1090.024000,1.040000
967.796000,77.980000,-289.976000,1.040000
-24.204000,-174.020000,-197.976000,1.040000
-384.204000,377.980000,-1313.976000,1.050000
515.796000,465.980000,-937.976000,1.050000
427.796000,-46.020000,-165.976000,1.060000
187.796000,-130.020000,646.024000,1.060000
95.796000,-262.020000,238.024000,1.070000
607.796000,-170.020000,-165.976000,1.070000
887.796000,321.980000,-701.976000,1.080000
27.796000,-90.020000,-805.976000,1.080000
-396.204000,-54.020000,-305.976000,1.090000
-40.204000,205.980000,322.024000,1.090000
511.796000,-158.020000,334.024000,1.100000
531.796000,41.980000,-33.976000,1.100000
455.796000,41.980000,-81.976000,1.110000
719.796000,53.980000,-301.976000,1.110000
275.796000,245.980000,-153.976000,1.110000
123.796000,-38.020000,-493.976000,1.120000
671.796000,-134.020000,62.024000,1.120000
671.796000,-234.020000,90.024000,1.130000
-60.204000,25.980000,-549.976000,1.130000
607.796000,-2.020000,-277.976000,1.140000
419.796000,45.980000,-501.976000,1.140000
179.796000,-58.020000,-265.976000,1.150000
223.796000,-130.020000,-333.976000,1.150000
215.796000,-22.020000,-113.976000,1.160000
475.796000,-254.020000,102.024000,1.160000
447.796000,45.980000,30.024000,1.160000
219.796000,25.980000,-385.976000,1.170000
455.796000,121.980000,-337.976000,1.170000
319.796000,-190.020000,554.024000,1.180000
-12.204000,-426.020000,-65.976000,1.180000
375.796000,-362.020000,-253.976000,1.190000
319.796000,189.980000,-501.976000,1.190000
503.796000,313.980000,-397.976000,1.200000
531.796000,81.980000,166.024000,1.200000
563.796000,-114.020000,350.024000,1.210000
459.796000,33.980000,54.024000,1.210000
87.796000,85.980000,-261.976000,1.220000
371.796000,201.980000,-909.976000,1.220000
463.796000,-30.020000,-577.976000,1.230000
279.796000,-358.020000,-529.976000,1.230000
23.796000,-370.020000,-237.976000,1.230000
223.796000,-226.020000,-65.976000,1.240000
347.796000,-146.020000,-49.976000,1.240000
915.796000,129.980000,-301.976000,1.250000
611.796000,205.980000,-629.976000,1.250000
75.796000,-78.020000,-301.976000,1.260000
159.796000,-14.020000,202.024000,1.260000
839.796000,-90.020000,366.024000,1.270000
691.796000,-254.020000,-17.976000,1.270000
243.796000,265.980000,-529.976000,1.270000
159.796000,57.980000,-201.976000,1.280000
567.796000,-338.020000,150.024000,1.280000
407.796000,-230.020000,82.024000,1.290000
195.796000,-318.020000,138.024000,1.290000
315.796000,29.980000,-329.976000,1.300000
451.796000,513.980000,-345.976000,1.300000
635.796000,357.980000,-701.976000,1.310000
223.796000,-294.020000,-309.976000,1.310000
-108.204000,-58.020000,462.024000,1.320000
363.796000,-122.020000,574.024000,1.320000
575.796000,37.980000,-37.976000,1.330000
475.796000,25.980000,-5.976000,1.330000
215.796000,-170.020000,-1037.976000,1.340000
155.796000,-226.020000,-797.976000,1.340000
303.796000,-170.020000,-549.976000,1.340000
559.796000,-38.020000,78.024000,1.350000
743.796000,9.980000,594.024000,1.350000
519.796000,109.980000,346.024000,1.360000
527.796000,141.980000,22.024000,1.360000
643.796000,-118.020000,-877.976000,1.370000
279.796000,-94.020000,-1245.976000,1.370000
271.796000,61.980000,-677.976000,1.380000
383.796000,-30.020000,130.024000,1.380000
615.796000,25.980000,366.024000,1.390000
767.796000,-186.020000,430.024000,1.390000
523.796000,-382.020000,-85.976000,1.390000
311.796000,-242.020000,-253.976000,1.400000
419.796000,-202.020000,-625.976000,1.400000
407.796000,129.980000,-429.976000,1.410000
703.796000,77.980000,-61.976000,1.410000
299.796000,77.980000,14.024000,1.420000
255.796000,-22.020000,238.024000,1.420000
443.796000,-102.020000,-77.976000,1.430000
315.796000,-162.020000,-9.976000,1.430000
423.796000,49.980000,-105.976000,1.440000
519.796000,-150.020000,258.024000,1.440000
467.796000,-114.020000,-317.976000,1.450000
619.796000,-70.020000,-537.976000,1.450000
87.796000,-306.020000,-421.976000,1.460000
303.796000,-218.020000,-633.976000,1.460000
755.796000,217.980000,-137.976000,1.460000
811.796000,-102.020000,150.024000,1.470000
271.796000,-50.020000,222.024000,1.470000
187.796000,313.980000,-273.976000,1.480000
523.796000,97.980000,-441.976000,1.480000
395.796000,81.980000,-265.976000,1.490000
239.796000,-186.020000,-189.976000,1.490000
323.796000,-294.020000,494.024000,1.500000
455.796000,-234.020000,270.024000,1.500000
619.796000,-34.020000,-337.976000,1.510000
643.796000,105.980000,-845.976000,1.510000
311.796000,21.980000,-957.976000,1.510000
171.796000,97.980000,-453.976000,1.520000
131.796000,-10.020000,10.024000,1.520000
495.796000,-198.020000,490.024000,1.530000
643.796000,-14.020000,278.024000,1.530000
539.796000,41.980000,-269.976000,1.540000
343.796000,-22.020000,-45.976000,1.540000
39.796000,261.980000,-397.976000,1.550000
403.796000,-46.020000,-325.976000,1.550000
479.796000,-222.020000,-197.976000,1.560000
271.796000,-106.020000,-77.976000,1.560000
595.796000,-230.020000,-117.976000,1.570000
551.796000,-154.020000,-141.976000,1.570000
607.796000,41.980000,-285.976000,1.570000
-44.204000,-46.020000,-501.976000,1.580000
43.796000,129.980000,-281.976000,1.580000
339.796000,53.980000,54.024000,1.590000
459.796000,21.980000,162.024000,1.590000
375.796000,29.980000,238.024000,1.600000
567.796000,197.980000,-549.976000,1.600000
279.796000,5.980000,-741.976000,1.610000
227.796000,-210.020000,-277.976000,1.610000
291.796000,-114.020000,-553.976000,1.620000
435.796000,-530.020000,-33.976000,1.620000
495.796000,25.980000,182.024000,1.630000
459.796000,401.980000,-121.976000,1.630000
739.796000,101.980000,-53.976000,1.630000
299.796000,-242.020000,-105.976000,1.640000
215.796000,-26.020000,-393.976000,1.640000
375.796000,145.980000,-41.976000,1.650000
227.796000,101.980000,-85.976000,1.650000
515.796000,85.980000,-169.976000,1.660000
223.796000,-114.020000,-101.976000,1.660000
-24.204000,-174.020000,-353.976000,1.670000
119.796000,-234.020000,-29.976000,1.670000
571.796000,-282.020000,-125.976000,1.680000
535.796000,57.980000,-149.976000,1.680000
767.796000,345.980000,-257.976000,1.680000
439.796000,261.980000,-357.976000,1.690000
35.796000,-30.020000,-437.976000,1.690000
395.796000,133.980000,-169.976000,1.700000
307.796000,49.980000,-117.976000,1.700000
235.796000,145.980000,-229.976000,1.710000
487.796000,113.980000,-605.976000,1.710000
783.796000,-266.020000,-301.976000,1.720000
371.796000,-322.020000,-449.976000,1.720000
343.796000,-294.020000,-69.976000,1.730000
451.796000,-206.020000,166.024000,1.730000
883.796000,-138.020000,194.024000,1.740000
507.796000,73.980000,142.024000,1.740000
91.796000,-46.020000,-201.976000,1.750000
187.796000,69.980000,-377.976000,1.750000
443.796000,249.980000,-353.976000,1.750000
319.796000,193.980000,-169.976000,1.760000
371.796000,81.980000,-125.976000,1.760000
387.796000,-86.020000,210.024000,1.770000
347.796000,-162.020000,158.024000,1.770000
199.796000,-214.020000,-217.976000,1.780000
315.796000,-386.020000,-333.976000,1.780000
335.796000,-382.020000,-189.976000,1.790000
427.796000,-70.020000,-437.976000,1.790000
215.796000,173.980000,42.024000,1.800000
355.796000,85.980000,46.024000,1.800000
323.796000,-142.020000,-25.976000,1.800000
363.796000,49.980000,-269.976000,1.810000
71.796000,185.980000,-197.976000,1.810000
467.796000,205.980000,-801.976000,1.820000
619.796000,9.980000,-333.976000,1.820000
347.796000,-122.020000,-421.976000,1.830000
-120.204000,-446.020000,-81.976000,1.830000
399.796000,-330.020000,94.024000,1.840000
623.796000,-162.020000,326.024000,1.840000
651.796000,-10.020000,-93.976000,1.850000
707.796000,-78.020000,-205.976000,1.850000
207.796000,-258.020000,-253.976000,1.860000
155.796000,-22.020000,-117.976000,1.860000
419.796000,161.980000,10.024000,1.860000
531.796000,249.980000,-205.976000,1.870000
691.796000,93.980000,218.024000,1.870000
419.796000,-114.020000,-261.976000,1.880000
-100.204000,-106.020000,42.024000,1.880000
299.796000,29.980000,-597.976000,1.890000
743.796000,-66.020000,-549.976000,1.890000
335.796000,25.980000,-169.976000,1.900000
631.796000,-66.020000,-37.976000,1.900000
371.796000,-222.020000,-45.976000,1.910000
243.796000,21.980000,162.024000,1.910000
215.796000,169.980000,-313.976000,1.910000
383.796000,97.980000,-261.976000,1.920000
319.796000,141.980000,-309.976000,1.920000
267.796000,29.980000,-161.976000,1.930000
371.796000,-154.020000,142.024000,1.930000
323.796000,-154.020000,174.024000,1.940000
687.796000,-82.020000,-157.976000,1.940000
307.796000,-34.020000,-605.976000,1.950000
167.796000,-86.020000,-129.976000,1.950000
191.796000,-106.020000,118.024000,1.960000
231.796000,-118.020000,-33.976000,1.960000
223.796000,133.980000,-361.976000,1.970000
463.796000,125.980000,2.024000,1.970000
335.796000,-110.020000,-289.976000,1.980000
383.796000,13.980000,-241.976000,1.980000
619.796000,-102.020000,-181.976000,1.980000
547.796000,121.980000,-217.976000,1.990000
335.796000,-126.020000,-37.976000,1.990000
455.796000,-138.020000,-241.976000,2.000000
547.796000,-190.020000,-377.976000,2.000000
335.796000,-94.020000,58.024000,2.010000
311.796000,-206.020000,-149.976000,2.010000
303.796000,29.980000,2.024000,2.020000
295.796000,157.980000,-5.976000,2.020000
507.796000,25.980000,-33.976000,2.030000
427.796000,-82.020000,-377.976000,2.030000
271.796000,-90.020000,-117.976000,2.040000
447.796000,-130.020000,-313.976000,2.040000
175.796000,37.980000,-93.976000,2.040000
483.796000,-98.020000,-281.976000,2.050000
603.796000,-122.020000,66.024000,2.050000
263.796000,-138.020000,-33.976000,2.060000
203.796000,-26.020000,-249.976000,2.060000
419.796000,-202.020000,46.024000,2.070000
487.796000,-54.020000,-413.976000,2.070000
331.796000,25.980000,358.024000,2.080000
323.796000,61.980000,-117.976000,2.080000
531.796000,93.980000,-53.976000,2.090000
459.796000,53.980000,-157.976000,2.090000
323.796000,-70.020000,-333.976000,2.100000
323.796000,-130.020000,-349.976000,2.100000
439.796000,65.980000,-201.976000,2.100000
339.796000,-194.020000,-133.976000,2.110000
283.796000,-118.020000,-273.976000,2.110000
367.796000,161.980000,-361.976000,2.120000
371.796000,121.980000,-269.976000,2.120000
295.796000,97.980000,-17.976000,2.130000
467.796000,-10.020000,-269.976000,2.130000
467.796000,-126.020000,-73.976000,2.140000
243.796000,33.980000,-377.976000,2.140000
403.796000,65.980000,-309.976000,2.150000
343.796000,-206.020000,-325.976000,2.150000
355.796000,1.980000,-37.976000,2.160000
159.796000,37.980000,-77.976000,2.160000
239.796000,45.980000,142.024000,2.160000
395.796000,-82.020000,-105.976000,2.170000
311.796000,37.980000,-249.976000,2.170000
367.796000,-142.020000,-469.976000,2.180000
475.796000,21.980000,-257.976000,2.180000
399.796000,181.980000,-49.976000,2.190000
199.796000,-118.020000,150.024000,2.190000
447.796000,-126.020000,34.024000,2.200000
431.796000,-106.020000,-377.976000,2.200000
355.796000,-354.020000,-349.976000,2.210000
63.796000,-18.020000,-301.976000,2.210000
343.796000,-34.020000,-213.976000,2.220000
491.796000,-78.020000,138.024000,2.220000
307.796000,53.980000,118.024000,2.220000
191.796000,73.980000,-221.976000,2.230000
295.796000,29.980000,-213.976000,2.230000
219.796000,157.980000,-425.976000,2.240000
451.796000,101.980000,-393.976000,2.240000
163.796000,1.980000,-253.976000,2.250000
219.796000,9.980000,230.024000,2.250000
303.796000,-166.020000,-145.976000,2.260000
383.796000,-106.020000,-233.976000,2.260000
455.796000,-78.020000,-425.976000,2.270000
459.796000,-54.020000,-161.976000,2.270000
171.796000,41.980000,-37.976000,2.280000
255.796000,161.980000,-113.976000,2.280000
455.796000,149.980000,-117.976000,2.280000
359.796000,-26.020000,-45.976000,2.290000
291.796000,25.980000,-257.976000,2.290000
275.796000,-42.020000,-221.976000,2.300000
251.796000,-282.020000,-73.976000,2.300000
523.796000,-106.020000,-197.976000,2.310000
591.796000,-182.020000,-225.976000,2.310000
343.796000,-54.020000,-117.976000,2.320000
311.796000,-142.020000,118.024000,2.320000
251.796000,-254.020000,-177.976000,2.330000
279.796000,53.980000,-205.976000,2.330000
411.796000,-34.020000,-73.976000,2.340000
559.796000,-114.020000,-97.976000,2.340000
351.796000,-18.020000,-265.976000,2.340000
507.796000,-62.020000,-349.976000,2.350000
327.796000,81.980000,-569.976000,2.350000
131.796000,-62.020000,-93.976000,2.360000
331.796000,-58.020000,-345.976000,2.360000
591.796000,65.980000,-173.976000,2.370000
171.796000,-130.020000,-277.976000,2.370000
419.796000,-86.020000,-365.976000,2.380000
359.796000,109.980000,-281.976000,2.380000
83.796000,225.980000,26.024000,2.390000
291.796000,53.980000,-149.976000,2.390000
419.796000,-26.020000,-181.976000,2.400000
507.796000,-110.020000,-33.976000,2.400000
415.796000,25.980000,-97.976000,2.400000
515.796000,-338.020000,150.024000,2.410000
303.796000,-10.020000,-249.976000,2.410000
435.796000,-86.020000,-465.976000,2.420000
611.796000,-102.020000,-345.976000,2.420000
259.796000,-130.020000,90.024000,2.430000
275.796000,-218.020000,-205.976000,2.430000
643.796000,-186.020000,-337.976000,2.440000
463.796000,105.980000,-569.976000,2.440000
367.796000,273.980000,-181.976000,2.450000
391.796000,37.980000,-29.976000,2.450000
431.796000,-146.020000,-121.976000,2.460000
227.796000,-54.020000,-281.976000,2.460000
339.796000,-214.020000,-161.976000,2.460000
223.796000,-182.020000,-441.976000,2.470000
527.796000,-154.020000,-385.976000,2.470000
463.796000,-54.020000,-25.976000,2.480000
167.796000,-34.020000,-189.976000,2.480000
471.796000,-154.020000,90.024000,2.490000
227.796000,-54.020000,-85.976000,2.490000
183.796000,181.980000,-557.976000,2.500000
599.796000,97.980000,-341.976000,2.500000
295.796000,89.980000,-173.976000,2.510000
375.796000,69.980000,246.024000,2.510000
563.796000,-178.020000,-133.976000,2.520000
431.796000,-170.020000,-157.976000,2.520000
403.796000,-86.020000,-641.976000,2.520000
343.796000,-6.020000,-265.976000,2.530000
323.796000,-46.020000,-81.976000,2.530000
671.796000,-182.020000,150.024000,2.540000
383.796000,-230.020000,338.024000,2.540000
195.796000,21.980000,-185.976000,2.550000
175.796000,-22.020000,-233.976000,2.550000
643.796000,-102.020000,-297.976000,2.560000
11.796000,69.980000,82.024000,2.560000
379.796000,245.980000,-233.976000,2.570000
595.796000,-282.020000,362.024000,2.570000
239.796000,-230.020000,-97.976000,2.580000
235.796000,-186.020000,-265.976000,2.580000
375.796000,-62.020000,-345.976000,2.580000
491.796000,-110.020000,-289.976000,2.590000
391.796000,25.980000,-161.976000,2.590000
335.796000,85.980000,62.024000,2.600000
275.796000,-54.020000,-17.976000,2.600000
-8.204000,49.980000,6.024000,2.610000
255.796000,-26.020000,-717.976000,2.610000
375.796000,65.980000,-45.976000,2.620000
703.796000,129.980000,-233.976000,2.620000
319.796000,-258.020000,414.024000,2.630000
179.796000,-58.020000,-93.976000,2.630000
475.796000,-138.020000,-213.976000,2.640000
439.796000,-230.020000,-113.976000,2.640000
127.796000,-34.020000,-253.976000,2.640000
199.796000,-194.020000,-249.976000,2.650000
659.796000,45.980000,-85.976000,2.650000
371.796000,209.980000,-61.976000,2.660000
399.796000,-6.020000,-329.976000,2.660000
227.796000,-278.020000,-253.976000,2.670000
343.796000,-78.020000,-357.976000,2.670000
459.796000,-66.020000,-357.976000,2.680000
511.796000,-210.020000,-181.976000,2.680000
579.796000,29.980000,146.024000,2.690000
371.796000,-194.020000,130.024000,2.690000
339.796000,-42.020000,-85.976000,2.700000
323.796000,-158.020000,-269.976000,2.700000
567.796000,-182.020000,-53.976000,2.700000
483.796000,-154.020000,-213.976000,2.710000
363.796000,13.980000,22.024000,2.710000
575.796000,-110.020000,-205.976000,2.720000
635.796000,-142.020000,-413.976000,2.720000
383.796000,125.980000,10.024000,2.730000
303.796000,221.980000,-265.976000,2.730000
451.796000,-94.020000,-309.976000,2.740000
387.796000,29.980000,126.024000,2.740000
371.796000,-50.020000,-249.976000,2.750000
483.796000,-254.020000,38.024000,2.750000
427.796000,-38.020000,-29.976000,2.750000
243.796000,-162.020000,10.024000,2.760000
263.796000,-142.020000,-289.976000,2.760000
223.796000,-62.020000,46.024000,2.770000
343.796000,-194.020000,-209.976000,2.770000
303.796000,-142.020000,-337.976000,2.780000
271.796000,25.980000,-357.976000,2.780000
347.796000,213.980000,-361.976000,2.790000
111.796000,209.980000,-141.976000,2.790000
99.796000,129.980000,-65.976000,2.800000
387.796000,93.980000,-77.976000,2.800000
255.796000,-18.020000,-205.976000,2.810000
303.796000,-178.020000,-169.976000,2.810000
471.796000,-250.020000,-65.976000,2.810000
535.796000,-306.020000,22.024000,2.820000
303.796000,-18.020000,-301.976000,2.820000
423.796000,-170.020000,146.024000,2.830000
463.796000,-70.020000,-241.976000,2.830000
415.796000,-118.020000,-349.976000,2.840000
411.796000,-142.020000,-497.976000,2.840000
319.796000,73.980000,-41.976000,2.850000
423.796000,5.980000,-153.976000,2.850000
575.796000,49.980000,82.024000,2.860000
355.796000,161.980000,-5.976000,2.860000
447.796000,-78.020000,-117.976000,2.870000
543.796000,-334.020000,-353.976000,2.870000
411.796000,-170.020000,-417.976000,2.870000
487.796000,-214.020000,-153.976000,2.880000
559.796000,197.980000,-141.976000,2.880000
315.796000,129.980000,18.024000,2.890000
283.796000,-66.020000,-145.976000,2.890000
215.796000,153.980000,30.024000,2.900000
179.796000,221.980000,-261.976000,2.900000
355.796000,37.980000,-269.976000,2.910000
215.796000,161.980000,-461.976000,2.910000
-36.204000,109.980000,-45.976000,2.920000
351.796000,-122.020000,-149.976000,2.920000
391.796000,-98.020000,-217.976000,2.930000
99.796000,-10.020000,-329.976000,2.930000
451.796000,-194.020000,-217.976000,2.930000
315.796000,-218.020000,-57.976000,2.940000
227.796000,73.980000,-53.976000,2.940000
419.796000,-58.020000,26.024000,2.950000
363.796000,45.980000,10.024000,2.950000
411.796000,85.980000,-53.976000,2.960000
355.796000,-2.020000,-397.976000,2.960000
403.796000,49.980000,-413.976000,2.970000
423.796000,-82.020000,-325.976000,2.970000
547.796000,77.980000,-233.976000,2.980000
247.796000,-282.020000,-281.976000,2.980000
315.796000,-122.020000,-269.976000,2.980000
515.796000,-202.020000,-313.976000,2.990000
271.796000,-178.020000,-141.976000,2.990000
215.796000,61.980000,-13.976000,3.000000
311.796000,17.980000,-233.976000,3.000000
455.796000,-34.020000,-169.976000,3.010000
151.796000,165.980000,18.024000,3.010000
535.796000,149.980000,-361.976000,3.020000
387.796000,77.980000,-393.976000,3.020000
439.796000,21.980000,-333.976000,3.030000
299.796000,113.980000,-133.976000,3.030000
167.796000,-50.020000,-129.976000,3.040000
483.796000,-254.020000,-25.976000,3.040000
195.796000,-82.020000,-17.976000,3.040000
95.796000,-122.020000,-285.976000,3.050000
327.796000,-102.020000,-317.976000,3.050000
387.796000,49.980000,-241.976000,3.060000
427.796000,-18.020000,-365.976000,3.060000
355.796000,145.980000,-209.976000,3.070000
471.796000,89.980000,-21.976000,3.070000
235.796000,-78.020000,-173.976000,3.080000
327.796000,-90.020000,-229.976000,3.080000
515.796000,-170.020000,-421.976000,3.090000
463.796000,-86.020000,-25.976000,3.090000
303.796000,-18.020000,-105.976000,3.100000
415.796000,-162.020000,-17.976000,3.100000
519.796000,-190.020000,-417.976000,3.110000
211.796000,37.980000,-65.976000,3.110000
207.796000,-26.020000,-441.976000,3.110000
471.796000,-146.020000,-45.976000,3.120000
347.796000,65.980000,-97.976000,3.120000
395.796000,145.980000,-109.976000,3.130000
179.796000,-62.020000,-81.976000,3.130000
447.796000,5.980000,-113.976000,3.140000
495.796000,93.980000,-249.976000,3.140000
255.796000,25.980000,-217.976000,3.150000
615.796000,-278.020000,-225.976000,3.150000
371.796000,-82.020000,-13.976000,3.160000
459.796000,-254.020000,-397.976000,3.160000
431.796000,117.980000,-701.976000,3.170000
527.796000,65.980000,50.024000,3.170000
163.796000,17.980000,-97.976000,3.170000
263.796000,29.980000,-177.976000,3.180000
303.796000,-10.020000,-293.976000,3.180000
387.796000,-134.020000,-153.976000,3.190000
323.796000,85.980000,-85.976000,3.190000
387.796000,-62.020000,-93.976000,3.200000
423.796000,5.980000,-225.976000,3.200000
375.796000,97.980000,30.024000,3.210000
183.796000,-122.020000,-217.976000,3.210000
167.796000,-154.020000,-209.976000,3.220000
403.796000,-46.020000,-441.976000,3.220000
347.796000,-6.020000,-181.976000,3.230000
183.796000,73.980000,-301.976000,3.230000
407.796000,101.980000,30.024000,3.230000
499.796000,29.980000,-117.976000,3.240000
227.796000,-86.020000,-185.976000,3.240000
191.796000,29.980000,-181.976000,3.250000
391.796000,-138.020000,-241.976000,3.250000
495.796000,-122.020000,-137.976000,3.260000
463.796000,169.980000,-329.976000,3.260000
527.796000,-46.020000,150.024000,3.270000
311.796000,-86.020000,-265.976000,3.270000
487.796000,29.980000,-281.976000,3.280000
531.796000,-90.020000,-209.976000,3.280000
335.796000,5.980000,138.024000,3.290000
275.796000,-70.020000,-309.976000,3.290000
523.796000,-14.020000,-97.976000,3.290000
411.796000,193.980000,-101.976000,3.300000
443.796000,-130.020000,-41.976000,3.300000
339.796000,-174.020000,-189.976000,3.310000
251.796000,109.980000,-77.976000,3.310000
483.796000,-110.020000,-521.976000,3.320000
503.796000,-42.020000,-97.976000,3.320000
283.796000,-10.020000,-89.976000,3.330000
283.796000,-46.020000,-157.976000,3.330000
371.796000,-22.020000,-173.976000,3.340000
471.796000,-54.020000,-229.976000,3.340000
411.796000,-26.020000,-381.976000,3.350000
355.796000,-118.020000,-77.976000,3.350000
427.796000,-94.020000,-317.976000,3.350000
451.796000,-10.020000,-221.976000,3.360000
383.796000,93.980000,-133.976000,3.360000
403.796000,13.980000,-245.976000,3.370000
439.796000,-74.020000,-245.976000,3.370000
71.796000,-74.020000,-297.976000,3.380000
295.796000,93.980000,-145.976000,3.380000
527.796000,101.980000,-345.976000,3.390000
483.796000,-214.020000,14.024000,3.390000
323.796000,-126.020000,-53.976000,3.400000
523.796000,-170.020000,-69.976000,3.400000
583.796000,-106.020000,-241.976000,3.410000
355.796000,105.980000,-233.976000,3.410000
531.796000,-2.020000,-257.976000,3.410000
535.796000,-126.020000,-81.976000,3.420000
355.796000,53.980000,-217.976000,3.420000
327.796000,73.980000,-441.976000,3.430000
315.796000,-114.020000,-113.976000,3.430000
347.796000,45.980000,-153.976000,3.440000
379.796000,-18.020000,-81.976000,3.440000
307.796000,-26.020000,-173.976000,3.450000
607.796000,17.980000,-305.976000,3.450000
347.796000,-34.020000,-141.976000,3.460000
247.796000,-78.020000,-121.976000,3.460000
335.796000,85.980000,-485.976000,3.470000
639.796000,-178.020000,-269.976000,3.470000
119.796000,45.980000,-217.976000,3.470000
399.796000,189.980000,-305.976000,3.480000
383.796000,-22.020000,-161.976000,3.480000
311.796000,97.980000,-85.976000,3.490000
343.796000,5.980000,-125.976000,3.490000
107.796000,-198.020000,122.024000,3.500000
387.796000,-178.020000,-97.976000,3.500000
371.796000,53.980000,-321.976000,3.510000
91.796000,-14.020000,-81.976000,3.510000
363.796000,81.980000,-245.976000,3.520000
515.796000,-110.020000,170.024000,3.520000
323.796000,-74.020000,90.024000,3.520000
299.796000,9.980000,-149.976000,3.530000
343.796000,-70.020000,-5.976000,3.530000
467.796000,-2.020000,-269.976000,3.540000
207.796000,29.980000,34.024000,3.540000
467.796000,-230.020000,-453.976000,3.550000
579.796000,-122.020000,-369.976000,3.550000
451.796000,-38.020000,-265.976000,3.560000
143.796000,-206.020000,-225.976000,3.560000
383.796000,161.980000,-273.976000,3.570000
323.796000,-106.020000,-109.976000,3.570000
335.796000,33.980000,-253.976000,3.580000
235.796000,141.980000,118.024000,3.580000
175.796000,-10.020000,-181.976000,3.580000
483.796000,49.980000,-301.976000,3.590000
291.796000,-42.020000,-309.976000,3.590000
243.796000,-62.020000,-225.976000,3.600000
511.796000,145.980000,-533.976000,3.600000
367.796000,-6.020000,-157.976000,3.610000
147.796000,13.980000,-185.976000,3.610000
431.796000,-54.020000,-85.976000,3.620000
575.796000,-70.020000,-217.976000,3.620000
575.796000,69.980000,-389.976000,3.630000
583.796000,9.980000,-261.976000,3.630000
415.796000,-178.020000,-89.976000,3.640000
255.796000,97.980000,-89.976000,3.640000
315.796000,-142.020000,-325.976000,3.640000
383.796000,61.980000,-269.976000,3.650000
499.796000,181.980000,-389.976000,3.650000
515.796000,-150.020000,-233.976000,3.660000
283.796000,109.980000,-557.976000,3.660000
219.796000,109.980000,-33.976000,3.670000
519.796000,-138.020000,-113.976000,3.670000
143.796000,61.980000,234.024000,3.680000
335.796000,-78.020000,-77.976000,3.680000
611.796000,-74.020000,98.024000,3.690000
275.796000,101.980000,-217.976000,3.690000
411.796000,-46.020000,-89.976000,3.700000
575.796000,-170.020000,-273.976000,3.700000
443.796000,-262.020000,174.024000,3.700000
151.796000,-194.020000,-397.976000,3.710000
495.796000,-78.020000,-505.976000,3.710000
631.796000,-70.020000,-109.976000,3.720000
623.796000,33.980000,-229.976000,3.720000
135.796000,-126.020000,-273.976000,3.730000
271.796000,21.980000,-593.976000,3.730000
403.796000,-102.020000,-117.976000,3.740000
479.796000,-190.020000,-189.976000,3.740000
259.796000,-18.020000,-153.976000,3.750000
555.796000,-94.020000,-237.976000,3.750000
523.796000,-210.020000,38.024000,3.760000
111.796000,-42.020000,-481.976000,3.760000
459.796000,-34.020000,22.024000,3.760000
591.796000,17.980000,-605.976000,3.770000
219.796000,77.980000,90.024000,3.770000
171.796000,81.980000,-313.976000,3.780000
563.796000,-78.020000,238.024000,3.780000
411.796000,-38.020000,-49.976000,3.790000
331.796000,-126.020000,-9.976000,3.790000
431.796000,-158.020000,-301.976000,3.800000
515.796000,-206.020000,-97.976000,3.800000
415.796000,-210.020000,-253.976000,3.810000
431.796000,-102.020000,-233.976000,3.810000
227.796000,-126.020000,-197.976000,3.820000
111.796000,81.980000,-201.976000,3.820000
203.796000,109.980000,-1.976000,3.820000
311.796000,109.980000,-409.976000,3.830000
107.796000,145.980000,-125.976000,3.830000
351.796000,-42.020000,-217.976000,3.840000
215.796000,-298.020000,-313.976000,3.840000
315.796000,-74.020000,-245.976000,3.850000
123.796000,-146.020000,-9.976000,3.850000
547.796000,-50.020000,-661.976000,3.860000
203.796000,29.980000,-165.976000,3.860000
655.796000,-70.020000,-445.976000,3.870000
587.796000,-10.020000,66.024000,3.870000
155.796000,13.980000,-97.976000,3.880000
227.796000,-94.020000,-49.976000,3.880000
351.796000,-26.020000,-17.976000,3.880000
599.796000,-30.020000,170.024000,3.890000
419.796000,97.980000,-389.976000,3.890000
383.796000,-146.020000,-49.976000,3.900000
427.796000,-318.020000,-157.976000,3.900000
243.796000,-222.020000,-33.976000,3.910000
283.796000,-234.020000,-81.976000,3.910000
651.796000,-146.020000,-57.976000,3.920000
527.796000,5.980000,-37.976000,3.920000
275.796000,169.980000,-137.976000,3.930000
255.796000,173.980000,54.024000,3.930000
283.796000,-190.020000,-177.976000,3.940000
271.796000,-206.020000,-177.976000,3.940000
499.796000,-158.020000,-205.976000,3.940000
127.796000,-6.020000,114.024000,3.950000
419.796000,-182.020000,-429.976000,3.950000
399.796000,45.980000,26.024000,3.960000
255.796000,-26.020000,-253.976000,3.960000
255.796000,-98.020000,18.024000,3.970000
243.796000,-114.020000,-177.976000,3.970000
203.796000,-86.020000,74.024000,3.980000
319.796000,129.980000,-89.976000,3.980000
619.796000,93.980000,-9.976000,3.980000
439.796000,225.980000,-229.976000,3.990000
35.796000,117.980000,-253.976000,4.000000
507.796000,-110.020000,-617.976000,4.000000
467.796000,-166.020000,-253.976000,4.000000
251.796000,-86.020000,-245.976000,4.010000
311.796000,-70.020000,-169.976000,4.010000
595.796000,-126.020000,-97.976000,4.020000
495.796000,-122.020000,-153.976000,4.020000
283.796000,-6.020000,-129.976000,4.030000
439.796000,25.980000,-197.976000,4.030000
535.796000,-6.020000,-81.976000,4.040000
351.796000,25.980000,-249.976000,4.040000
455.796000,-86.020000,-33.976000,4.050000
387.796000,73.980000,-129.976000,4.050000
479.796000,-170.020000,58.024000,4.050000
179.796000,113.980000,-145.976000,4.060000
327.796000,-202.020000,110.024000,4.060000
435.796000,33.980000,-65.976000,4.070000
423.796000,-146.020000,-33.976000,4.070000
267.796000,17.980000,-297.976000,4.080000
335.796000,-154.020000,-37.976000,4.080000
247.796000,-126.020000,-257.976000,4.090000
363.796000,-58.020000,-325.976000,4.090000
399.796000,61.980000,-337.976000,4.100000
315.796000,33.980000,-229.976000,4.100000
227.796000,-46.020000,82.024000,4.110000
407.796000,-34.020000,-201.976000,4.110000
323.796000,13.980000,150.024000,4.110000
351.796000,-98.020000,-229.976000,4.120000
251.796000,-114.020000,34.024000,4.120000
287.796000,-202.020000,-445.976000,4.130000
439.796000,-94.020000,-41.976000,4.130000
367.796000,-54.020000,-881.976000,4.140000
515.796000,-314.020000,1278.024000,4.140000
751.796000,5.980000,1746.024000,4.150000
-80.204000,-222.020000,-1173.976000,4.150000
295.796000,-110.020000,-841.976000,4.160000
807.796000,157.980000,950.024000,4.160000
87.796000,9.980000,-489.976000,4.170000
195.796000,-334.020000,-401.976000,4.170000
195.796000,-106.020000,286.024000,4.180000
-100.204000,-170.020000,-285.976000,4.180000
199.796000,-282.020000,-85.976000,4.180000
563.796000,-62.020000,-1.976000,4.190000
543.796000,5.980000,42.024000,4.190000
355.796000,45.980000,-477.976000,4.200000
79.796000,253.980000,170.024000,4.200000
439.796000,-70.020000,-773.976000,4.210000
535.796000,65.980000,-741.976000,4.210000
187.796000,117.980000,-937.976000,4.220000
643.796000,-278.020000,42.024000,4.220000
299.796000,-334.020000,-441.976000,4.230000
-276.204000,-302.020000,-849.976000,4.230000
487.796000,-170.020000,-33.976000,4.230000
935.796000,-102.020000,418.024000,4.240000
131.796000,-38.020000,-585.976000,4.240000
363.796000,-58.020000,94.024000,4.250000
679.796000,-142.020000,446.024000,4.250000
131.796000,137.980000,46.024000,4.260000
511.796000,89.980000,-77.976000,4.260000
715.796000,153.980000,-277.976000,4.270000
91.796000,-110.020000,-441.976000,4.270000
151.796000,-258.020000,-137.976000,4.280000
723.796000,13.980000,82.024000,4.280000
459.796000,-354.020000,18.024000,4.280000
247.796000,13.980000,-41.976000,4.290000
219.796000,113.980000,-753.976000,4.290000
487.796000,-34.020000,130.024000,4.300000
135.796000,41.980000,-77.976000,4.300000
531.796000,-30.020000,-421.976000,4.310000
775.796000,-146.020000,-81.976000,4.310000
91.796000,-326.020000,-209.976000,4.320000
-28.204000,-314.020000,-401.976000,4.320000
735.796000,-126.020000,-441.976000,4.330000
207.796000,-10.020000,50.024000,4.330000
-24.204000,-234.020000,-173.976000,4.340000
691.796000,-38.020000,-457.976000,4.340000
195.796000,-34.020000,-233.976000,4.340000
43.796000,-126.020000,18.024000,4.350000
719.796000,-126.020000,178.024000,4.350000
627.796000,69.980000,-53.976000,4.360000
287.796000,-46.020000,-229.976000,4.360000
439.796000,-378.020000,254.024000,4.370000
667.796000,-250.020000,82.024000,4.370000
459.796000,-138.020000,-169.976000,4.380000
195.796000,-6.020000,-273.976000,4.380000
527.796000,61.980000,-413.976000,4.390000
399.796000,45.980000,-17.976000,4.390000
419.796000,-174.020000,-37.976000,4.400000
455.796000,-10.020000,-225.976000,4.400000
627.796000,-18.020000,-421.976000,4.410000
-16.204000,-174.020000,-417.976000,4.410000
91.796000,-118.020000,-241.976000,4.410000
903.796000,129.980000,-281.976000,4.420000
267.796000,13.980000,-545.976000,4.420000
263.796000,-110.020000,-273.976000,4.430000
679.796000,-50.020000,-181.976000,4.430000
159.796000,-62.020000,-177.976000,4.440000
119.796000,5.980000,-109.976000,4.440000
767.796000,221.980000,98.024000,4.450000
451.796000,33.980000,-333.976000,4.450000
219.796000,-54.020000,46.024000,4.460000
227.796000,-114.020000,-49.976000,4.460000
255.796000,-202.020000,34.024000,4.470000
71.796000,-78.020000,-225.976000,4.470000
359.796000,-6.020000,-105.976000,4.470000
639.796000,21.980000,-189.976000,4.480000
335.796000,29.980000,-245.976000,4.480000
227.796000,-134.020000,-241.976000,4.490000
403.796000,-78.020000,-377.976000,4.490000
335.796000,-206.020000,-141.976000,4.500000
447.796000,-66.020000,-409.976000,4.500000
579.796000,-50.020000,110.024000,4.510000
503.796000,21.980000,-9.976000,4.510000
623.796000,-82.020000,34.024000,4.520000
583.796000,5.980000,-181.976000,4.520000
351.796000,-62.020000,-261.976000,4.530000
367.796000,13.980000,-29.976000,4.530000
567.796000,-146.020000,74.024000,4.530000
527.796000,-118.020000,-125.976000,4.540000
299.796000,-34.020000,-249.976000,4.540000
371.796000,-126.020000,-13.976000,4.550000
355.796000,-118.020000,-289.976000,4.550000
423.796000,-162.020000,-297.976000,4.560000
283.796000,-118.020000,-317.976000,4.560000
411.796000,-62.020000,-449.976000,4.570000
551.796000,-18.020000,-313.976000,4.570000
363.796000,105.980000,-145.976000,4.580000
339.796000,1.980000,-125.976000,4.580000
331.796000,57.980000,-153.976000,4.590000
343.796000,45.980000,-129.976000,4.590000
355.796000,-142.020000,-165.976000,4.590000
483.796000,-46.020000,-133.976000,4.600000
431.796000,9.980000,-209.976000,4.600000
591.796000,-170.020000,-197.976000,4.610000
423.796000,125.980000,150.024000,4.610000
207.796000,25.980000,-149.976000,4.620000
495.796000,-42.020000,-241.976000,4.620000
267.796000,117.980000,-181.976000,4.630000
391.796000,-346.020000,-209.976000,4.630000
583.796000,-18.020000,-181.976000,4.640000
535.796000,-94.020000,-153.976000,4.640000
375.796000,-186.020000,-241.976000,4.650000
371.796000,-286.020000,-89.976000,4.650000
123.796000,-186.020000,-213.976000,4.650000
283.796000,-322.020000,98.024000,4.660000
223.796000,-146.020000,-121.976000,4.660000
439.796000,33.980000,-89.976000,4.670000
347.796000,5.980000,34.024000,4.670000
295.796000,157.980000,-229.976000,4.680000
455.796000,-18.020000,-61.976000,4.680000
259.796000,-138.020000,-265.976000,4.690000
167.796000,-114.020000,2.024000,4.690000
347.796000,-206.020000,-353.976000,4.700000
291.796000,-38.020000,-361.976000,4.700000
415.796000,-46.020000,-413.976000,4.710000
503.796000,-50.020000,-269.976000,4.710000
343.796000,-14.020000,-425.976000,4.710000
251.796000,-110.020000,-81.976000,4.720000
455.796000,-50.020000,-241.976000,4.720000
483.796000,-10.020000,-29.976000,4.730000
511.796000,-2.020000,-81.976000,4.730000
547.796000,-254.020000,-1.976000,4.740000
223.796000,-98.020000,-209.976000,4.740000
335.796000,-114.020000,18.024000,4.750000
643.796000,-242.020000,-209.976000,4.750000
295.796000,113.980000,-289.976000,4.760000
331.796000,29.980000,-173.976000,4.760000
667.796000,-130.020000,34.024000,4.760000
367.796000,-158.020000,-93.976000,4.770000
463.796000,-202.020000,-241.976000,4.770000
551.796000,-110.020000,-101.976000,4.780000
155.796000,133.980000,-65.976000,4.780000
343.796000,-66.020000,6.024000,4.790000
251.796000,37.980000,-205.976000,4.790000
507.796000,-34.020000,26.024000,4.800000
539.796000,-74.020000,-77.976000,4.800000
399.796000,-178.020000,-317.976000,4.810000
3.796000,-70.020000,-209.976000,4.810000
271.796000,-70.020000,162.024000,4.820000
535.796000,-110.020000,10.024000,4.820000
559.796000,201.980000,-121.976000,4.820000
367.796000,-6.020000,-441.976000,4.830000
267.796000,-314.020000,-141.976000,4.830000
475.796000,-322.020000,-29.976000,4.840000
315.796000,21.980000,-145.976000,4.840000
515.796000,-42.020000,-385.976000,4.850000
399.796000,125.980000,-377.976000,4.850000
359.796000,49.980000,94.024000,4.860000
411.796000,-142.020000,-201.976000,4.860000
367.796000,-182.020000,-25.976000,4.870000
667.796000,-178.020000,-321.976000,4.870000
443.796000,-26.020000,-97.976000,4.880000
111.796000,161.980000,-253.976000,4.880000
451.796000,-154.020000,-101.976000,4.890000
503.796000,-54.020000,-281.976000,4.890000
291.796000,53.980000,-117.976000,4.890000
579.796000,-18.020000,-57.976000,4.900000
435.796000,-2.020000,46.024000,4.900000
363.796000,141.980000,-325.976000,4.910000
391.796000,57.980000,-385.976000,4.910000
315.796000,-210.020000,-53.976000,4.920000
239.796000,-38.020000,-297.976000,4.920000
435.796000,-54.020000,-73.976000,4.930000
323.796000,-38.020000,-125.976000,4.930000
359.796000,-30.020000,-101.976000,4.940000
483.796000,197.980000,-145.976000,4.940000
243.796000,-106.020000,-421.976000,4.950000
367.796000,-102.020000,-377.976000,4.950000
463.796000,89.980000,106.024000,4.950000
363.796000,-130.020000,-145.976000,4.960000
475.796000,157.980000,206.024000,4.960000
507.796000,85.980000,-53.976000,4.970000
419.796000,-146.020000,-49.976000,4.970000
7.796000,-94.020000,-281.976000,4.980000
435.796000,-246.020000,-57.976000,4.980000
519.796000,-10.020000,-109.976000,4.990000
375.796000,-10.020000,-49.976000,4.990000
379.796000,-82.020000,-85.976000,5.000000
387.796000,-22.020000,-233.976000,5.000000
263.796000,-274.020000,-193.976000,5.010000
287.796000,-82.020000,-121.976000,5.010000
387.796000,-106.020000,-121.976000,5.010000
467.796000,-50.020000,-189.976000,5.020000
339.796000,9.980000,-77.976000,5.020000
227.796000,137.980000,-193.976000,5.030000
383.796000,-106.020000,66.024000,5.030000
155.796000,-70.020000,-77.976000,5.040000
327.796000,-418.020000,-117.976000,5.040000
431.796000,-106.020000,-277.976000,5.050000
339.796000,93.980000,-9.976000,5.050000
419.796000,-74.020000,-205.976000,5.050000
455.796000,-166.020000,-217.976000,5.060000
151.796000,-58.020000,-553.976000,5.070000
455.796000,-142.020000,-349.976000,5.070000
135.796000,125.980000,-245.976000,5.070000
311.796000,-118.020000,-105.976000,5.080000
507.796000,65.980000,-73.976000,5.080000
403.796000,-94.020000,106.024000,5.090000
15.796000,-138.020000,-193.976000,5.090000
259.796000,-178.020000,-209.976000,5.100000
575.796000,-90.020000,-345.976000,5.100000
567.796000,-198.020000,158.024000,5.110000
227.796000,53.980000,190.024000,5.110000
351.796000,5.980000,-245.976000,5.110000
555.796000,-210.020000,-141.976000,5.120000
223.796000,-6.020000,-413.976000,5.130000
467.796000,-90.020000,-217.976000,5.130000
343.796000,-30.020000,-177.976000,5.130000
327.796000,237.980000,-69.976000,5.140000
511.796000,125.980000,-489.976000,5.140000
507.796000,-138.020000,182.024000,5.150000
515.796000,-278.020000,-305.976000,5.150000
427.796000,-246.020000,-9.976000,5.160000
147.796000,-178.020000,-1.976000,5.160000
323.796000,-94.020000,-145.976000,5.170000
279.796000,-38.020000,-341.976000,5.170000
435.796000,-86.020000,-281.976000,5.180000
459.796000,-102.020000,-461.976000,5.180000
371.796000,-82.020000,-289.976000,5.190000
99.796000,9.980000,-77.976000,5.190000
199.796000,53.980000,-141.976000,5.190000
283.796000,45.980000,178.024000,5.200000
203.796000,-98.020000,174.024000,5.200000
247.796000,-38.020000,-17.976000,5.210000
439.796000,-230.020000,-405.976000,5.210000
411.796000,-246.020000,-345.976000,5.220000
179.796000,1.980000,-313.976000,5.220000
327.796000,-78.020000,-113.976000,5.230000
475.796000,-78.020000,-169.976000,5.230000
399.796000,41.980000,-253.976000,5.240000
627.796000,-74.020000,-301.976000,5.240000
475.796000,-42.020000,66.024000,5.250000
215.796000,-46.020000,-321.976000,5.250000
547.796000,-122.020000,-201.976000,5.250000
347.796000,21.980000,-161.976000,5.260000
215.796000,-138.020000,-97.976000,5.260000
619.796000,-310.020000,-241.976000,5.270000
567.796000,-206.020000,86.024000,5.270000
215.796000,-34.020000,-209.976000,5.280000
315.796000,93.980000,-121.976000,5.280000
395.796000,-22.020000,-165.976000,5.290000
319.796000,-2.020000,-225.976000,5.290000
275.796000,9.980000,-5.976000,5.300000
235.796000,-182.020000,-241.976000,5.300000
403.796000,-34.020000,66.024000,5.300000
323.796000,49.980000,-49.976000,5.310000
591.796000,17.980000,34.024000,5.310000
351.796000,-42.020000,-413.976000,5.320000
343.796000,-346.020000,-317.976000,5.320000
427.796000,-282.020000,-413.976000,5.330000
335.796000,1.980000,-21.976000,5.330000
455.796000,-102.020000,-21.976000,5.340000
371.796000,21.980000,42.024000,5.340000
435.796000,97.980000,-45.976000,5.350000
527.796000,-174.020000,-157.976000,5.350000
103.796000,-150.020000,-245.976000,5.360000
183.796000,-238.020000,-149.976000,5.360000
635.796000,21.980000,-21.976000,5.360000
535.796000,33.980000,-117.976000,5.370000
395.796000,21.980000,14.024000,5.370000
367.796000,-34.020000,-317.976000,5.380000
391.796000,-118.020000,-73.976000,5.380000
363.796000,-202.020000,-317.976000,5.390000
243.796000,-6.020000,-305.976000,5.390000
187.796000,125.980000,-337.976000,5.400000
351.796000,-10.020000,134.024000,5.400000
487.796000,65.980000,-341.976000,5.410000
419.796000,-6.020000,-373.976000,5.410000
475.796000,-94.020000,-313.976000,5.420000
427.796000,-374.020000,-1.976000,5.420000
111.796000,-26.020000,-273.976000,5.430000
151.796000,49.980000,66.024000,5.430000
763.796000,121.980000,-261.976000,5.430000
531.796000,-74.020000,-173.976000,5.440000
255.796000,-2.020000,-189.976000,5.440000
383.796000,-106.020000,14.024000,5.450000
339.796000,-90.020000,-297.976000,5.450000
175.796000,-26.020000,-37.976000,5.460000
451.796000,173.980000,-141.976000,5.460000
683.796000,-122.020000,-369.976000,5.470000
235.796000,101.980000,-229.976000,5.470000
31.796000,-118.020000,-137.976000,5.480000
235.796000,-158.020000,-237.976000,5.480000
255.796000,-114.020000,-53.976000,5.490000
335.796000,89.980000,-205.976000,5.490000
327.796000,9.980000,-85.976000,5.490000
551.796000,25.980000,-41.976000,5.500000
327.796000,-182.020000,-169.976000,5.500000
219.796000,-250.020000,-65.976000,5.510000
343.796000,-22.020000,-269.976000,5.510000
583.796000,-158.020000,-225.976000,5.520000
691.796000,-74.020000,-233.976000,5.520000
431.796000,169.980000,-157.976000,5.530000
591.796000,-190.020000,-253.976000,5.530000
291.796000,-106.020000,38.024000,5.530000
259.796000,133.980000,-325.976000,5.540000
363.796000,45.980000,18.024000,5.550000
687.796000,213.980000,-221.976000,5.550000
539.796000,41.980000,2.024000,5.550000
323.796000,-70.020000,-257.976000,5.560000
215.796000,-234.020000,-93.976000,5.560000
343.796000,-146.020000,-253.976000,5.570000
351.796000,-58.020000,-41.976000,5.570000
195.796000,161.980000,-485.976000,5.580000
571.796000,-34.020000,-341.976000,5.580000
559.796000,69.980000,-221.976000,5.590000
111.796000,-326.020000,-37.976000,5.590000
371.796000,117.980000,-437.976000,5.590000
379.796000,-158.020000,102.024000,5.600000
283.796000,-154.020000,-5.976000,5.600000
415.796000,137.980000,-217.976000,5.610000
455.796000,97.980000,-161.976000,5.610000
591.796000,-242.020000,-165.976000,5.620000
187.796000,-38.020000,-237.976000,5.620000
395.796000,-14.020000,-433.976000,5.630000
395.796000,-154.020000,-297.976000,5.630000
555.796000,121.980000,-313.976000,5.640000
287.796000,-226.020000,-409.976000,5.640000
323.796000,-102.020000,-329.976000,5.650000
171.796000,-62.020000,-33.976000,5.650000
635.796000,-14.020000,-77.976000,5.660000
311.796000,-82.020000,-53.976000,5.660000
339.796000,-2.020000,-297.976000,5.660000
499.796000,-286.020000,-41.976000,5.670000
751.796000,-118.020000,-157.976000,5.670000
219.796000,-78.020000,-13.976000,5.680000
315.796000,61.980000,-289.976000,5.680000
479.796000,-22.020000,94.024000,5.690000
423.796000,93.980000,-609.976000,5.690000
203.796000,-30.020000,278.024000,5.700000
439.796000,-6.020000,-297.976000,5.700000
311.796000,-278.020000,22.024000,5.710000
255.796000,-94.020000,-249.976000,5.710000
543.796000,-98.020000,-81.976000,5.720000
307.796000,105.980000,-153.976000,5.720000
207.796000,-58.020000,-53.976000,5.720000
359.796000,-166.020000,-417.976000,5.730000
391.796000,-190.020000,-201.976000,5.730000
295.796000,-222.020000,18.024000,5.740000
535.796000,-38.020000,-277.976000,5.740000
619.796000,33.980000,-49.976000,5.750000
451.796000,185.980000,-1.976000,5.750000
343.796000,-50.020000,-25.976000,5.760000
323.796000,-86.020000,-385.976000,5.760000
223.796000,-62.020000,-229.976000,5.770000
279.796000,113.980000,-413.976000,5.770000
487.796000,-126.020000,10.024000,5.780000
131.796000,73.980000,-569.976000,5.780000
491.796000,-250.020000,54.024000,5.780000
411.796000,-90.020000,-257.976000,5.790000
71.796000,-90.020000,-145.976000,5.790000
399.796000,-30.020000,-65.976000,5.800000
759.796000,21.980000,50.024000,5.800000
-44.204000,29.980000,-189.976000,5.810000
211.796000,-2.020000,-377.976000,5.810000
655.796000,245.980000,-329.976000,5.820000
387.796000,-50.020000,-361.976000,5.820000
127.796000,-94.020000,-441.976000,5.830000
471.796000,-54.020000,-145.976000,5.830000
655.796000,-6.020000,-113.976000,5.840000
383.796000,-142.020000,-81.976000,5.840000
223.796000,-218.020000,126.024000,5.840000
275.796000,-270.020000,-285.976000,5.850000
271.796000,-158.020000,98.024000,5.850000
43.796000,277.980000,-137.976000,5.860000
459.796000,133.980000,-41.976000,5.860000
635.796000,241.980000,-145.976000,5.870000
19.796000,57.980000,-53.976000,5.870000
71.796000,81.980000,-505.976000,5.880000
835.796000,-358.020000,-217.976000,5.880000
507.796000,-498.020000,-353.976000,5.890000
199.796000,-86.020000,-97.976000,5.890000
415.796000,-26.020000,-445.976000,5.900000
535.796000,-142.020000,-201.976000,5.900000
303.796000,-166.020000,-169.976000,5.900000
191.796000,237.980000,-101.976000,5.910000
423.796000,-90.020000,-9.976000,5.910000
519.796000,89.980000,-37.976000,5.920000
343.796000,45.980000,-121.976000,5.920000
311.796000,109.980000,-349.976000,5.930000
307.796000,-50.020000,-97.976000,5.930000
391.796000,5.980000,-477.976000,5.940000
299.796000,-178.020000,246.024000,5.940000
255.796000,-18.020000,-489.976000,5.950000
511.796000,-94.020000,-93.976000,5.950000
243.796000,57.980000,-85.976000,5.960000
143.796000,-14.020000,-165.976000,5.960000
515.796000,-58.020000,-189.976000,5.960000
643.796000,-78.020000,-125.976000,5.970000
203.796000,105.980000,-277.976000,5.970000
223.796000,-42.020000,-37.976000,5.980000
635.796000,-378.020000,-53.976000,5.980000
495.796000,-130.020000,-81.976000,5.990000
311.796000,-230.020000,-113.976000,5.990000
267.796000,49.980000,-189.976000,6.000000
495.796000,189.980000,34.024000,6.000000
483.796000,313.980000,-221.976000,6.010000
279.796000,5.980000,-385.976000,6.010000
275.796000,-62.020000,-193.976000,6.010000
507.796000,-198.020000,-245.976000,6.020000
95.796000,-430.020000,-253.976000,6.020000
267.796000,-214.020000,6.024000,6.030000
715.796000,-246.020000,-233.976000,6.030000
499.796000,9.980000,-113.976000,6.040000
99.796000,245.980000,42.024000,6.040000
527.796000,65.980000,-53.976000,6.050000
403.796000,-162.020000,-329.976000,6.050000
103.796000,165.980000,-165.976000,6.060000
375.796000,-42.020000,-317.976000,6.060000
515.796000,69.980000,-361.976000,6.070000
463.796000,-122.020000,-329.976000,6.070000
283.796000,-430.020000,-197.976000,6.070000
135.796000,-354.020000,-169.976000,6.080000
559.796000,-174.020000,-329.976000,6.080000
371.796000,-22.020000,-217.976000,6.090000
255.796000,157.980000,-141.976000,6.090000
559.796000,365.980000,-325.976000,6.100000
491.796000,133.980000,-53.976000,6.100000
299.796000,17.980000,-41.976000,6.110000
367.796000,-58.020000,-345.976000,6.110000
655.796000,-234.020000,-5.976000,6.120000
119.796000,-162.020000,-233.976000,6.120000
339.796000,-166.020000,-77.976000,6.130000
343.796000,-118.020000,-129.976000,6.130000
527.796000,-274.020000,-29.976000,6.130000
339.796000,33.980000,-185.976000,6.140000
343.796000,73.980000,-345.976000,6.140000
323.796000,137.980000,-309.976000,6.150000
395.796000,89.980000,-25.976000,6.150000
407.796000,205.980000,-101.976000,6.160000
483.796000,-266.020000,-117.976000,6.160000
623.796000,-170.020000,-73.976000,6.170000
379.796000,-118.020000,-353.976000,6.170000
175.796000,29.980000,-233.976000,6.180000
451.796000,-70.020000,62.024000,6.180000
575.796000,-2.020000,-241.976000,6.190000
399.796000,141.980000,-341.976000,6.190000
215.796000,-50.020000,-161.976000,6.190000
427.796000,-238.020000,-393.976000,6.200000
459.796000,-134.020000,-53.976000,6.200000
139.796000,-194.020000,-389.976000,6.210000
243.796000,-230.020000,-25.976000,6.210000
439.796000,-234.020000,-193.976000,6.220000
351.796000,-186.020000,146.024000,6.220000
159.796000,13.980000,-349.976000,6.230000
531.796000,-142.020000,382.024000,6.230000
395.796000,357.980000,-421.976000,6.240000
-100.204000,209.980000,82.024000,6.240000
439.796000,13.980000,-261.976000,6.250000
395.796000,-106.020000,-65.976000,6.250000
119.796000,-54.020000,-201.976000,6.260000
411.796000,-450.020000,-5.976000,6.260000
479.796000,-10.020000,-129.976000,6.260000
583.796000,-26.020000,-49.976000,6.270000
367.796000,-58.020000,-333.976000,6.270000
403.796000,221.980000,-425.976000,6.280000
635.796000,-94.020000,-277.976000,6.280000
527.796000,57.980000,-597.976000,6.290000
631.796000,105.980000,118.024000,6.290000
535.796000,13.980000,-145.976000,6.300000
415.796000,-122.020000,-125.976000,6.300000
147.796000,-106.020000,-289.976000,6.300000
315.796000,-466.020000,-253.976000,6.310000
283.796000,-250.020000,-569.976000,6.310000
447.796000,-362.020000,2.024000,6.320000
155.796000,93.980000,-437.976000,6.320000
371.796000,117.980000,162.024000,6.330000
567.796000,157.980000,10.024000,6.330000
71.796000,-22.020000,-117.976000,6.340000
131.796000,49.980000,-109.976000,6.340000
383.796000,-170.020000,-153.976000,6.350000
239.796000,5.980000,-205.976000,6.350000
455.796000,-102.020000,-153.976000,6.360000
439.796000,-14.020000,-169.976000,6.360000
391.796000,-86.020000,-345.976000,6.360000
307.796000,-106.020000,242.024000,6.370000
127.796000,-14.020000,-385.976000,6.370000
451.796000,201.980000,-1.976000,6.380000
739.796000,165.980000,-81.976000,6.380000
431.796000,81.980000,50.024000,6.390000
291.796000,13.980000,-169.976000,6.390000
371.796000,-318.020000,-165.976000,6.400000
299.796000,17.980000,-645.976000,6.400000
179.796000,-106.020000,26.024000,6.410000
447.796000,169.980000,-197.976000,6.410000
563.796000,-94.020000,98.024000,6.420000
463.796000,181.980000,110.024000,6.420000
359.796000,-6.020000,-149.976000,6.430000
783.796000,-42.020000,-489.976000,6.430000
451.796000,-34.020000,-157.976000,6.430000
243.796000,-30.020000,-545.976000,6.440000
387.796000,-310.020000,-33.976000,6.440000
291.796000,1.980000,-361.976000,6.450000
275.796000,-286.020000,-365.976000,6.450000
59.796000,-118.020000,86.024000,6.460000
135.796000,5.980000,-361.976000,6.460000
607.796000,-10.020000,-305.976000,6.470000
379.796000,233.980000,-313.976000,6.470000
-44.204000,157.980000,-173.976000,6.480000
571.796000,113.980000,-373.976000,6.480000
467.796000,-330.020000,234.024000,6.490000
323.796000,-102.020000,-573.976000,6.490000
439.796000,-422.020000,214.024000,6.490000
479.796000,-158.020000,-153.976000,6.500000
315.796000,-6.020000,-85.976000,6.500000
95.796000,-70.020000,-185.976000,6.510000
131.796000,129.980000,-17.976000,6.510000
431.796000,225.980000,-237.976000,6.520000
603.796000,-218.020000,162.024000,6.520000
223.796000,121.980000,-341.976000,6.530000
575.796000,-18.020000,42.024000,6.530000
631.796000,-282.020000,-289.976000,6.530000
339.796000,-306.020000,-89.976000,6.540000
287.796000,-318.020000,-69.976000,6.550000
535.796000,-142.020000,-197.976000,6.550000
391.796000,-26.020000,18.024000,6.550000
407.796000,257.980000,-113.976000,6.560000
203.796000,161.980000,-37.976000,6.560000
295.796000,129.980000,-369.976000,6.570000
243.796000,-14.020000,-241.976000,6.570000
603.796000,73.980000,-413.976000,6.580000
459.796000,-254.020000,118.024000,6.580000
215.796000,81.980000,-205.976000,6.590000
207.796000,-26.020000,214.024000,6.590000
363.796000,29.980000,-201.976000,6.590000
291.796000,73.980000,-45.976000,6.600000
155.796000,-74.020000,-189.976000,6.600000
255.796000,-10.020000,-241.976000,6.610000
391.796000,233.980000,-461.976000,6.610000
631.796000,-18.020000,62.024000,6.620000
359.796000,25.980000,-449.976000,6.620000
279.796000,-110.020000,162.024000,6.630000
427.796000,-362.020000,-25.976000,6.630000
363.796000,-166.020000,-349.976000,6.640000
467.796000,-126.020000,-361.976000,6.640000
571.796000,-30.020000,-37.976000,6.650000
511.796000,125.980000,-309.976000,6.650000
451.796000,81.980000,-81.976000,6.660000
175.796000,-70.020000,-161.976000,6.660000
399.796000,29.980000,-213.976000,6.660000
355.796000,-230.020000,-69.976000,6.670000
315.796000,129.980000,-513.976000,6.670000
607.796000,-174.020000,70.024000,6.680000
303.796000,-6.020000,-513.976000,6.680000
147.796000,-122.020000,-125.976000,6.690000
391.796000,277.980000,-481.976000,6.690000
455.796000,65.980000,-341.976000,6.700000
411.796000,109.980000,-453.976000,6.700000
487.796000,-50.020000,378.024000,6.710000
251.796000,-46.020000,-341.976000,6.710000
343.796000,-6.020000,194.024000,6.720000
291.796000,-106.020000,-253.976000,6.720000
351.796000,-10.020000,-205.976000,6.720000
451.796000,-54.020000,-517.976000,6.730000
411.796000,-50.020000,-105.976000,6.730000
219.796000,-174.020000,-185.976000,6.740000
283.796000,-86.020000,-165.976000,6.740000
443.796000,137.980000,34.024000,6.750000
543.796000,129.980000,-241.976000,6.750000
227.796000,-90.020000,-137.976000,6.760000
439.796000,29.980000,14.024000,6.760000
655.796000,-354.020000,-29.976000,6.770000
227.796000,57.980000,-293.976000,6.770000
387.796000,-442.020000,-117.976000,6.780000
499.796000,-318.020000,-69.976000,6.780000
347.796000,-82.020000,-189.976000,6.780000
527.796000,-62.020000,-417.976000,6.790000
295.796000,225.980000,62.024000,6.790000
243.796000,369.980000,-621.976000,6.800000
447.796000,-254.020000,30.024000,6.800000
347.796000,-10.020000,-193.976000,6.810000
315.796000,29.980000,-113.976000,6.810000
483.796000,-74.020000,-389.976000,6.820000
499.796000,-126.020000,18.024000,6.820000
299.796000,-10.020000,-333.976000,6.830000
687.796000,-306.020000,94.024000,6.830000
391.796000,37.980000,-325.976000,6.840000
235.796000,-90.020000,-201.976000,6.840000
387.796000,57.980000,-45.976000,6.840000
463.796000,261.980000,-289.976000,6.850000
395.796000,-42.020000,-205.976000,6.850000
287.796000,29.980000,-449.976000,6.860000
419.796000,-338.020000,-129.976000,6.860000
507.796000,-58.020000,158.024000,6.870000
103.796000,-298.020000,-61.976000,6.870000
387.796000,-202.020000,-121.976000,6.880000
527.796000,-174.020000,354.024000,6.880000
327.796000,45.980000,-501.976000,6.890000
247.796000,-178.020000,70.024000,6.890000
195.796000,121.980000,-325.976000,6.900000
439.796000,21.980000,-201.976000,6.900000
251.796000,-178.020000,-81.976000,6.900000
119.796000,-10.020000,2.024000,6.910000
283.796000,-102.020000,-181.976000,6.910000
319.796000,-206.020000,18.024000,6.920000
51.796000,49.980000,-513.976000,6.920000
439.796000,217.980000,42.024000,6.930000
719.796000,49.980000,-381.976000,6.930000
199.796000,61.980000,-357.976000,6.940000
227.796000,53.980000,-145.976000,6.940000
219.796000,-150.020000,-369.976000,6.950000
535.796000,-238.020000,-285.976000,6.950000
495.796000,-146.020000,-305.976000,6.960000
179.796000,-298.020000,-377.976000,6.960000
411.796000,-114.020000,-289.976000,6.960000
431.796000,-58.020000,94.024000,6.970000
147.796000,37.980000,-137.976000,6.970000
303.796000,165.980000,98.024000,6.980000
567.796000,113.980000,-361.976000,6.980000
247.796000,-122.020000,90.024000,6.990000
131.796000,-22.020000,-45.976000,6.990000
559.796000,-138.020000,-193.976000,7.000000
451.796000,-386.020000,-169.976000,7.000000
271.796000,-226.020000,-285.976000,7.010000
415.796000,-170.020000,-261.976000,7.010000
731.796000,-294.020000,-29.976000,7.010000
323.796000,81.980000,-85.976000,7.020000
451.796000,189.980000,-249.976000,7.020000
551.796000,161.980000,-85.976000,7.030000
439.796000,225.980000,-477.976000,7.030000
387.796000,-2.020000,134.024000,7.040000
367.796000,-214.020000,-109.976000,7.040000
471.796000,-298.020000,-101.976000,7.050000
647.796000,-190.020000,-237.976000,7.050000
315.796000,-218.020000,-285.976000,7.060000
235.796000,-234.020000,-405.976000,7.060000
639.796000,45.980000,-169.976000,7.070000
419.796000,-142.020000,-173.976000,7.070000
487.796000,29.980000,-145.976000,7.070000
299.796000,173.980000,134.024000,7.080000
575.796000,-6.020000,-9.976000,7.080000
463.796000,-170.020000,-101.976000,7.090000
259.796000,-6.020000,-37.976000,7.090000
435.796000,-282.020000,-65.976000,7.100000
395.796000,-154.020000,34.024000,7.100000
171.796000,-62.020000,-69.976000,7.110000
447.796000,-170.020000,-177.976000,7.110000
623.796000,97.980000,22.024000,7.120000
119.796000,37.980000,-249.976000,7.120000
135.796000,-102.020000,-481.976000,7.130000
507.796000,-6.020000,-81.976000,7.130000
271.796000,-66.020000,-449.976000,7.140000
195.796000,-54.020000,-185.976000,7.140000
387.796000,-94.020000,-73.976000,7.140000
419.796000,-278.020000,-77.976000,7.150000
455.796000,-58.020000,-113.976000,7.150000
495.796000,89.980000,-477.976000,7.160000
559.796000,181.980000,-409.976000,7.160000
339.796000,-94.020000,-285.976000,7.170000
371.796000,-22.020000,-209.976000,7.170000
275.796000,-74.020000,-481.976000,7.180000
343.796000,-318.020000,238.024000,7.180000
387.796000,-194.020000,-189.976000,7.190000
347.796000,-230.020000,166.024000,7.190000
103.796000,-2.020000,-409.976000,7.200000
511.796000,65.980000,-541.976000,7.200000
447.796000,65.980000,-129.976000,7.200000
123.796000,141.980000,-273.976000,7.210000
491.796000,81.980000,-309.976000,7.210000
519.796000,-66.020000,354.024000,7.220000
63.796000,61.980000,-121.976000,7.220000
315.796000,-294.020000,-25.976000,7.230000
479.796000,-518.020000,70.024000,7.230000
147.796000,-90.020000,-609.976000,7.240000
547.796000,-234.020000,-341.976000,7.240000
379.796000,-2.020000,-37.976000,7.250000
347.796000,233.980000,-161.976000,7.250000
639.796000,37.980000,178.024000,7.250000
327.796000,249.980000,234.024000,7.260000
479.796000,449.980000,-277.976000,7.260000
351.796000,-102.020000,-145.976000,7.270000
275.796000,53.980000,-657.976000,7.270000
439.796000,-86.020000,26.024000,7.280000
543.796000,-338.020000,-237.976000,7.280000
95.796000,-170.020000,-213.976000,7.290000
155.796000,-62.020000,-321.976000,7.290000
527.796000,-186.020000,-377.976000,7.300000
583.796000,157.980000,-449.976000,7.300000
335.796000,45.980000,162.024000,7.300000
67.796000,221.980000,-189.976000,7.310000
335.796000,-14.020000,-117.976000,7.310000
371.796000,-150.020000,246.024000,7.320000
107.796000,-82.020000,-373.976000,7.320000
335.796000,-250.020000,102.024000,7.330000
515.796000,-114.020000,282.024000,7.330000
331.796000,-114.020000,-129.976000,7.340000
267.796000,-86.020000,-37.976000,7.340000
515.796000,-46.020000,-185.976000,7.350000
479.796000,57.980000,-517.976000,7.350000
203.796000,-38.020000,22.024000,7.360000
391.796000,137.980000,-605.976000,7.360000
619.796000,-142.020000,-209.976000,7.360000
607.796000,25.980000,-9.976000,7.370000
407.796000,89.980000,-265.976000,7.370000
543.796000,45.980000,-489.976000,7.380000
459.796000,-158.020000,-49.976000,7.380000
615.796000,-126.020000,-613.976000,7.390000
567.796000,-2.020000,94.024000,7.390000
395.796000,5.980000,-341.976000,7.400000
439.796000,-42.020000,-161.976000,7.400000
243.796000,109.980000,-129.976000,7.410000
387.796000,21.980000,-165.976000,7.410000
515.796000,-34.020000,-93.976000,7.420000
567.796000,-54.020000,-389.976000,7.420000
219.796000,-202.020000,-153.976000,7.430000
439.796000,-58.020000,-53.976000,7.430000
423.796000,-122.020000,-25.976000,7.430000
311.796000,69.980000,-149.976000,7.440000
531.796000,33.980000,38.024000,7.440000
467.796000,49.980000,-185.976000,7.450000
371.796000,-246.020000,82.024000,7.450000
495.796000,49.980000,-1.976000,7.460000
431.796000,-126.020000,-649.976000,7.460000
343.796000,157.980000,-1481.976000,7.470000
799.796000,-74.020000,-437.976000,7.470000
411.796000,-62.020000,-261.976000,7.480000
3.796000,-222.020000,50.024000,7.480000
415.796000,13.980000,-77.976000,7.490000
159.796000,181.980000,-485.976000,7.490000
615.796000,37.980000,-397.976000,7.490000
339.796000,-90.020000,-633.976000,7.500000
187.796000,-102.020000,390.024000,7.500000
-124.204000,-362.020000,658.024000,7.510000
499.796000,-206.020000,726.024000,7.510000
1143.796000,-34.020000,94.024000,7.520000
15.796000,-342.020000,214.024000,7.520000
-148.204000,177.980000,-669.976000,7.530000
267.796000,-122.020000,-341.976000,7.530000
867.796000,-146.020000,-17.976000,7.540000
71.796000,-14.020000,214.024000,7.540000
439.796000,5.980000,226.024000,7.550000
587.796000,-170.020000,294.024000,7.550000
291.796000,77.980000,158.024000,7.550000
351.796000,-150.020000,-225.976000,7.560000
679.796000,5.980000,-333.976000,7.560000
343.796000,-126.020000,-265.976000,7.570000
91.796000,-130.020000,-293.976000,7.570000
239.796000,121.980000,-73.976000,7.580000
631.796000,293.980000,90.024000,7.580000
159.796000,-126.020000,70.024000,7.590000
319.796000,269.980000,-345.976000,7.590000
435.796000,-58.020000,-345.976000,7.600000
503.796000,-54.020000,-633.976000,7.600000
315.796000,57.980000,-473.976000,7.610000
379.796000,45.980000,-845.976000,7.610000
259.796000,-146.020000,-793.976000,7.610000
451.796000,-126.020000,-717.976000,7.620000
415.796000,-22.020000,-185.976000,7.620000
419.796000,-70.020000,-49.976000,7.630000
583.796000,-38.020000,-37.976000,7.630000
331.796000,-22.020000,-173.976000,7.640000
479.796000,-122.020000,-49.976000,7.640000
343.796000,-90.020000,354.024000,7.650000
771.796000,-78.020000,94.024000,7.650000
463.796000,-62.020000,-61.976000,7.660000
195.796000,-34.020000,82.024000,7.660000
499.796000,-298.020000,778.024000,7.670000
215.796000,13.980000,262.024000,7.670000
179.796000,-134.020000,26.024000,7.680000
215.796000,37.980000,-485.976000,7.680000
255.796000,-10.020000,38.024000,7.680000
383.796000,41.980000,-697.976000,7.690000
411.796000,-242.020000,-261.976000,7.690000
371.796000,-66.020000,-65.976000,7.700000
395.796000,-474.020000,42.024000,7.700000
267.796000,53.980000,-193.976000,7.710000
379.796000,-138.020000,-113.976000,7.710000
575.796000,-38.020000,-593.976000,7.720000
639.796000,257.980000,-209.976000,7.720000
-40.204000,117.980000,-469.976000,7.730000
383.796000,73.980000,-333.976000,7.730000
407.796000,-10.020000,-221.976000,7.730000
311.796000,157.980000,-145.976000,7.740000
199.796000,-226.020000,-553.976000,7.740000
395.796000,161.980000,-745.976000,7.750000
143.796000,-2.020000,-493.976000,7.750000
47.796000,161.980000,-841.976000,7.760000
551.796000,-158.020000,-113.976000,7.760000
615.796000,-146.020000,-117.976000,7.770000
131.796000,-122.020000,394.024000,7.770000
283.796000,65.980000,222.024000,7.780000
447.796000,-58.020000,358.024000,7.780000
495.796000,-62.020000,-21.976000,7.780000
363.796000,-134.020000,-173.976000,7.790000
471.796000,1.980000,-197.976000,7.790000
731.796000,-226.020000,126.024000,7.800000
235.796000,-226.020000,-25.976000,7.800000
7.796000,45.980000,174.024000,7.810000
451.796000,-14.020000,170.024000,7.810000
467.796000,65.980000,-317.976000,7.820000
179.796000,57.980000,-209.976000,7.820000
287.796000,153.980000,-209.976000,7.830000
363.796000,-34.020000,-345.976000,7.830000
367.796000,-22.020000,-133.976000,7.840000
447.796000,-198.020000,-17.976000,7.840000
167.796000,-182.020000,-601.976000,7.840000
307.796000,-374.020000,-461.976000,7.850000
331.796000,109.980000,-293.976000,7.850000
283.796000,-146.020000,-49.976000,7.860000
387.796000,113.980000,-369.976000,7.860000
291.796000,1.980000,158.024000,7.870000
163.796000,65.980000,-53.976000,7.870000
239.796000,-10.020000,-465.976000,7.880000
567.796000,41.980000,-385.976000,7.880000
423.796000,-62.020000,226.024000,7.890000
215.796000,73.980000,62.024000,7.890000
379.796000,-110.020000,-165.976000,7.900000
363.796000,-62.020000,-169.976000,7.900000
231.796000,-178.020000,178.024000,7.910000
467.796000,-70.020000,162.024000,7.910000
491.796000,-70.020000,-229.976000,7.910000
467.796000,-82.020000,162.024000,7.920000
607.796000,-6.020000,-137.976000,7.920000
207.796000,-10.020000,-297.976000,7.930000
507.796000,-190.020000,-501.976000,7.930000
435.796000,-46.020000,-217.976000,7.940000
431.796000,13.980000,-465.976000,7.940000
243.796000,-22.020000,-177.976000,7.950000
251.796000,229.980000,-297.976000,7.950000
491.796000,209.980000,30.024000,7.960000
459.796000,-90.020000,-625.976000,7.960000
555.796000,17.980000,102.024000,7.970000
527.796000,-170.020000,-677.976000,7.970000
367.796000,-122.020000,-573.976000,7.970000
251.796000,-2.020000,-413.976000,7.980000
423.796000,-186.020000,-17.976000,7.980000
299.796000,-138.020000,-269.976000,7.990000
207.796000,61.980000,22.024000,7.990000
387.796000,-62.020000,-581.976000,8.000000
99.796000,93.980000,-101.976000,8.000000
355.796000,-42.020000,70.024000,8.010000
495.796000,-130.020000,62.024000,8.010000
567.796000,-62.020000,150.024000,8.020000
287.796000,-210.020000,-5.976000,8.020000
195.796000,-374.020000,-189.976000,8.020000
431.796000,69.980000,-161.976000,8.030000
635.796000,-258.020000,-157.976000,8.030000
463.796000,41.980000,-89.976000,8.040000
383.796000,41.980000,138.024000,8.040000
327.796000,-114.020000,334.024000,8.050000
567.796000,-66.020000,370.024000,8.050000
415.796000,201.980000,-213.976000,8.060000
211.796000,-18.020000,-221.976000,8.060000
335.796000,77.980000,-145.976000,8.070000
547.796000,-294.020000,-349.976000,8.070000
63.796000,5.980000,-345.976000,8.070000
119.796000,13.980000,-197.976000,8.080000
315.796000,-170.020000,-249.976000,8.090000
315.796000,1.980000,-25.976000,8.090000
267.796000,13.980000,-389.976000,8.090000
227.796000,17.980000,-437.976000,8.100000
191.796000,-102.020000,-485.976000,8.100000
135.796000,-90.020000,-421.976000,8.110000
599.796000,-90.020000,50.024000,8.110000
599.796000,-158.020000,-81.976000,8.120000
191.796000,113.980000,-185.976000,8.120000
327.796000,-106.020000,-245.976000,8.130000
471.796000,-310.020000,-89.976000,8.130000
199.796000,13.980000,-489.976000,8.140000
315.796000,93.980000,-201.976000,8.140000
519.796000,41.980000,-281.976000,8.150000
551.796000,45.980000,-117.976000,8.150000
691.796000,-34.020000,42.024000,8.150000
379.796000,-138.020000,-181.976000,8.160000
143.796000,-10.020000,-293.976000,8.160000
615.796000,-298.020000,-233.976000,8.170000
439.796000,-2.020000,-133.976000,8.170000
363.796000,85.980000,-85.976000,8.180000
591.796000,29.980000,154.024000,8.180000
431.796000,9.980000,206.024000,8.190000
227.796000,-6.020000,78.024000,8.190000
179.796000,29.980000,-145.976000,8.190000
387.796000,-182.020000,-189.976000,8.200000
395.796000,-174.020000,-229.976000,8.210000
339.796000,-34.020000,-253.976000,8.210000
403.796000,-322.020000,-25.976000,8.210000
151.796000,65.980000,54.024000,8.220000
399.796000,-58.020000,-353.976000,8.220000
247.796000,-102.020000,-25.976000,8.230000
195.796000,205.980000,-393.976000,8.230000
511.796000,245.980000,-589.976000,8.240000
263.796000,77.980000,-457.976000,8.240000
175.796000,13.980000,-401.976000,8.250000
267.796000,-94.020000,-305.976000,8.250000
275.796000,-202.020000,-21.976000,8.260000
367.796000,73.980000,-633.976000,8.260000
519.796000,-198.020000,-389.976000,8.260000
391.796000,-134.020000,70.024000,8.270000
503.796000,25.980000,6.024000,8.270000
539.796000,-58.020000,-81.976000,8.280000
371.796000,-18.020000,-137.976000,8.280000
575.796000,217.980000,-97.976000,8.290000
387.796000,141.980000,-73.976000,8.290000
595.796000,-142.020000,-197.976000,8.300000
555.796000,17.980000,-49.976000,8.300000
387.796000,-194.020000,62.024000,8.310000
159.796000,-126.020000,-89.976000,8.310000
747.796000,-190.020000,-121.976000,8.310000
459.796000,-226.020000,-89.976000,8.320000
123.796000,-94.020000,-601.976000,8.320000
431.796000,61.980000,-261.976000,8.330000
479.796000,-6.020000,-17.976000,8.330000
451.796000,-2.020000,18.024000,8.340000
507.796000,85.980000,-9.976000,8.340000
479.796000,13.980000,-605.976000,8.350000
515.796000,-170.020000,-437.976000,8.350000
259.796000,-194.020000,-433.976000,8.360000
323.796000,-162.020000,-373.976000,8.360000
471.796000,37.980000,-229.976000,8.370000
423.796000,-38.020000,-121.976000,8.370000
539.796000,273.980000,-461.976000,8.380000
459.796000,-18.020000,-81.976000,8.380000
363.796000,-34.020000,-161.976000,8.380000
183.796000,-86.020000,-277.976000,8.390000
331.796000,-82.020000,-325.976000,8.390000
479.796000,61.980000,-397.976000,8.400000
495.796000,57.980000,-121.976000,8.400000
439.796000,-226.020000,286.024000,8.410000
331.796000,-270.020000,-217.976000,8.410000
615.796000,-306.020000,-25.976000,8.420000
307.796000,-146.020000,190.024000,8.420000
135.796000,21.980000,6.024000,8.430000
455.796000,17.980000,-53.976000,8.430000
651.796000,-26.020000,-193.976000,8.440000
287.796000,125.980000,-465.976000,8.440000
267.796000,-138.020000,6.024000,8.440000
359.796000,-86.020000,-221.976000,8.450000
547.796000,89.980000,-253.976000,8.450000
423.796000,-182.020000,138.024000,8.460000
259.796000,285.980000,-473.976000,8.460000
307.796000,-346.020000,-97.976000,8.470000
327.796000,157.980000,-381.976000,8.470000
211.796000,125.980000,-293.976000,8.480000
531.796000,57.980000,-305.976000,8.480000
459.796000,13.980000,182.024000,8.490000
295.796000,237.980000,-441.976000,8.490000
451.796000,-330.020000,-245.976000,8.500000
63.796000,-22.020000,-421.976000,8.500000
255.796000,-30.020000,-137.976000,8.500000
223.796000,-118.020000,-157.976000,8.510000
335.796000,-118.020000,118.024000,8.510000
591.796000,5.980000,66.024000,8.520000
347.796000,-126.020000,42.024000,8.520000
187.796000,-98.020000,-113.976000,8.530000
635.796000,-170.020000,-333.976000,8.530000
351.796000,-334.020000,-61.976000,8.540000
127.796000,-82.020000,-229.976000,8.540000
123.796000,-134.020000,138.024000,8.550000
507.796000,-14.020000,-277.976000,8.550000
175.796000,-322.020000,158.024000,8.560000
251.796000,-22.020000,58.024000,8.560000
435.796000,-170.020000,162.024000,8.560000
307.796000,257.980000,-553.976000,8.570000
183.796000,109.980000,-397.976000,8.570000
291.796000,145.980000,-773.976000,8.580000
519.796000,-138.020000,154.024000,8.580000
543.796000,-182.020000,-321.976000,8.590000
439.796000,-102.020000,114.024000,8.590000
363.796000,-6.020000,-145.976000,8.600000
179.796000,-34.020000,-177.976000,8.600000
255.796000,237.980000,-629.976000,8.610000
459.796000,-154.020000,-269.976000,8.610000
507.796000,-226.020000,-621.976000,8.610000
519.796000,57.980000,70.024000,8.620000
363.796000,-170.020000,-109.976000,8.620000
247.796000,53.980000,138.024000,8.630000
395.796000,45.980000,-73.976000,8.630000
439.796000,-198.020000,-337.976000,8.640000
-52.204000,-162.020000,-361.976000,8.640000
227.796000,-46.020000,-429.976000,8.650000
715.796000,-318.020000,26.024000,8.650000
339.796000,205.980000,-97.976000,8.660000
427.796000,-162.020000,122.024000,8.660000
407.796000,-10.020000,-345.976000,8.670000
15.796000,-118.020000,34.024000,8.670000
43.796000,-142.020000,-589.976000,8.680000
331.796000,-246.020000,214.024000,8.680000
359.796000,137.980000,-337.976000,8.680000
335.796000,-274.020000,138.024000,8.690000
267.796000,113.980000,-397.976000,8.690000
291.796000,-82.020000,146.024000,8.700000
363.796000,73.980000,-401.976000,8.700000
467.796000,-118.020000,-17.976000,8.710000
331.796000,-118.020000,-461.976000,8.710000
415.796000,141.980000,-317.976000,8.720000
319.796000,-46.020000,-537.976000,8.720000
299.796000,-246.020000,-73.976000,8.730000
371.796000,-42.020000,-189.976000,8.730000
675.796000,-242.020000,78.024000,8.730000
147.796000,133.980000,-281.976000,8.740000
299.796000,221.980000,-513.976000,8.740000
563.796000,65.980000,-509.976000,8.750000
527.796000,125.980000,-313.976000,8.750000
215.796000,-222.020000,2.024000,8.760000
375.796000,-86.020000,-65.976000,8.760000
371.796000,-162.020000,246.024000,8.770000
231.796000,141.980000,-65.976000,8.770000
375.796000,-82.020000,98.024000,8.780000
491.796000,5.980000,-605.976000,8.780000
367.796000,-178.020000,30.024000,8.790000
295.796000,-6.020000,-245.976000,8.790000
423.796000,57.980000,14.024000,8.800000
527.796000,197.980000,138.024000,8.800000
535.796000,169.980000,74.024000,8.800000
511.796000,129.980000,-381.976000,8.810000
487.796000,-30.020000,-237.976000,8.810000
303.796000,-362.020000,-601.976000,8.820000
535.796000,-230.020000,-261.976000,8.820000
283.796000,-122.020000,-105.976000,8.830000
587.796000,37.980000,-121.976000,8.830000
647.796000,49.980000,-153.976000,8.840000
579.796000,77.980000,-417.976000,8.840000
279.796000,-194.020000,-109.976000,8.850000
383.796000,-70.020000,-345.976000,8.850000
611.796000,-330.020000,62.024000,8.850000
375.796000,109.980000,-89.976000,8.860000
495.796000,141.980000,-9.976000,8.860000
659.796000,81.980000,42.024000,8.870000
471.796000,-182.020000,90.024000,8.870000
307.796000,-230.020000,-245.976000,8.880000
707.796000,-110.020000,102.024000,8.880000
459.796000,57.980000,-529.976000,8.890000
607.796000,217.980000,-45.976000,8.890000
343.796000,105.980000,-289.976000,8.900000
547.796000,-74.020000,98.024000,8.900000
359.796000,-122.020000,-385.976000,8.900000
311.796000,-150.020000,-181.976000,8.910000
515.796000,-158.020000,-133.976000,8.920000
523.796000,77.980000,-77.976000,8.920000
227.796000,97.980000,-329.976000,8.920000
831.796000,-22.020000,-165.976000,8.930000
675.796000,-114.020000,-9.976000,8.930000
587.796000,-374.020000,-81.976000,8.940000
451.796000,-198.020000,-329.976000,8.940000
411.796000,145.980000,-309.976000,8.950000
827.796000,-154.020000,14.024000,8.950000
655.796000,-58.020000,-281.976000,8.960000
391.796000,-258.020000,6.024000,8.960000
791.796000,-414.020000,-389.976000,8.970000
663.796000,-106.020000,-257.976000,8.970000
387.796000,29.980000,-157.976000,8.970000
555.796000,93.980000,-269.976000,8.980000
603.796000,217.980000,-389.976000,8.980000
563.796000,-14.020000,-337.976000,8.990000
387.796000,-158.020000,-617.976000,8.990000
383.796000,-26.020000,-37.976000,9.000000
335.796000,-46.020000,78.024000,9.000000
531.796000,-42.020000,-65.976000,9.010000
467.796000,49.980000,-233.976000,9.010000
587.796000,-126.020000,-285.976000,9.020000
391.796000,-274.020000,10.024000,9.020000
495.796000,-106.020000,-341.976000,9.020000
499.796000,-46.020000,10.024000,9.030000
655.796000,93.980000,-41.976000,9.030000
451.796000,125.980000,58.024000,9.040000
215.796000,117.980000,-121.976000,9.040000
447.796000,-114.020000,-249.976000,9.050000
603.796000,-126.020000,-541.976000,9.050000
151.796000,-294.020000,-453.976000,9.060000
343.796000,-22.020000,-217.976000,9.060000
691.796000,-170.020000,-9.976000,9.070000
519.796000,-158.020000,90.024000,9.070000
183.796000,1.980000,126.024000,9.080000
475.796000,-234.020000,6.024000,9.080000
459.796000,-134.020000,-313.976000,9.090000
91.796000,201.980000,-425.976000,9.090000
343.796000,173.980000,-281.976000,9.090000
451.796000,-58.020000,-173.976000,9.100000
231.796000,-54.020000,-9.976000,9.100000
123.796000,-366.020000,86.024000,9.110000
199.796000,-294.020000,46.024000,9.110000
347.796000,-26.020000,-229.976000,9.120000
439.796000,97.980000,-593.976000,9.120000
415.796000,129.980000,-485.976000,9.130000
323.796000,61.980000,-173.976000,9.130000
347.796000,-362.020000,30.024000,9.140000
255.796000,-142.020000,-77.976000,9.140000
279.796000,9.980000,-77.976000,9.150000
455.796000,21.980000,-241.976000,9.150000
331.796000,109.980000,-117.976000,9.150000
139.796000,21.980000,-413.976000,9.160000
167.796000,-90.020000,-329.976000,9.160000
311.796000,-318.020000,122.024000,9.170000
443.796000,-358.020000,454.024000,9.170000
427.796000,13.980000,354.024000,9.180000
-32.204000,-354.020000,134.024000,9.180000
-68.204000,157.980000,-65.976000,9.190000
151.796000,37.980000,114.024000,9.190000
303.796000,-370.020000,-109.976000,9.200000
147.796000,-10.020000,266.024000,9.200000
155.796000,229.980000,-337.976000,9.210000
151.796000,149.980000,-621.976000,9.210000
435.796000,449.980000,-449.976000,9.210000
111.796000,201.980000,-721.976000,9.220000
