427.796000,321.980000,-73.976000,0.000000
335.796000,189.980000,-133.976000,0.010000
247.796000,9.980000,-317.976000,0.010000
403.796000,-278.020000,238.024000,0.020000
531.796000,-238.020000,358.024000,0.020000
351.796000,117.980000,-677.976000,0.030000
115.796000,453.980000,-485.976000,0.030000
415.796000,185.980000,-213.976000,0.040000
643.796000,-362.020000,-117.976000,0.040000
135.796000,-378.020000,46.024000,0.050000
19.796000,-186.020000,-5.976000,0.050000
87.796000,-34.020000,-277.976000,0.050000
615.796000,257.980000,-741.976000,0.060000
491.796000,25.980000,10.024000,0.060000
63.796000,-94.020000,30.024000,0.070000
279.796000,-366.020000,-113.976000,0.070000
667.796000,-494.020000,-5.976000,0.080000
-20.204000,37.980000,-397.976000,0.080000
343.796000,345.980000,-313.976000,0.090000
647.796000,233.980000,102.024000,0.090000
355.796000,133.980000,-265.976000,0.100000
359.796000,-330.020000,-485.976000,0.100000
243.796000,-198.020000,-37.976000,0.110000
-0.204000,33.980000,-205.976000,0.110000
447.796000,101.980000,-105.976000,0.120000
423.796000,353.980000,-209.976000,0.120000
487.796000,293.980000,-333.976000,0.120000
371.796000,-158.020000,-121.976000,0.130000
-204.204000,-438.020000,-245.976000,0.130000
415.796000,-646.020000,-229.976000,0.140000
411.796000,125.980000,214.024000,0.140000
355.796000,321.980000,-165.976000,0.150000
519.796000,193.980000,-293.976000,0.150000
227.796000,181.980000,-313.976000,0.160000
-68.204000,-610.020000,-197.976000,0.160000
23.796000,-522.020000,-157.976000,0.170000
191.796000,121.980000,-5.976000,0.170000
523.796000,265.980000,-365.976000,0.170000
575.796000,149.980000,-353.976000,0.180000
-40.204000,-34.020000,-309.976000,0.180000
-0.204000,-526.020000,-41.976000,0.190000
95.796000,-646.020000,-201.976000,0.190000
23.796000,-250.020000,-69.976000,0.200000
587.796000,517.980000,-421.976000,0.200000
679.796000,541.980000,102.024000,0.210000
315.796000,197.980000,258.024000,0.210000
15.796000,53.980000,-85.976000,0.220000
-72.204000,-578.020000,-61.976000,0.220000
147.796000,-390.020000,-661.976000,0.220000
167.796000,-22.020000,-645.976000,0.230000
431.796000,193.980000,-49.976000,0.230000
647.796000,93.980000,-225.976000,0.240000
403.796000,-114.020000,82.024000,0.240000
-28.204000,-670.020000,-225.976000,0.250000
-296.204000,-298.020000,-277.976000,0.250000
35.796000,-42.020000,-249.976000,0.260000
407.796000,221.980000,-145.976000,0.260000
343.796000,497.980000,-61.976000,0.270000
315.796000,193.980000,-237.976000,0.270000
151.796000,-494.020000,-17.976000,0.280000
143.796000,-750.020000,242.024000,0.280000
75.796000,-134.020000,-145.976000,0.280000
399.796000,29.980000,38.024000,0.290000
459.796000,261.980000,-301.976000,0.290000
323.796000,-102.020000,-385.976000,0.300000
375.796000,-362.020000,-457.976000,0.300000
63.796000,-534.020000,-285.976000,0.310000
-228.204000,-34.020000,-361.976000,0.310000
467.796000,149.980000,-13.976000,0.320000
567.796000,585.980000,34.024000,0.320000
255.796000,281.980000,-61.976000,0.330000
235.796000,-350.020000,46.024000,0.330000
-196.204000,-370.020000,-569.976000,0.340000
279.796000,-330.020000,-445.976000,0.340000
327.796000,-62.020000,-281.976000,0.350000
323.796000,373.980000,-209.976000,0.350000
539.796000,117.980000,-37.976000,0.350000
211.796000,-210.020000,-61.976000,0.360000
-4.204000,-174.020000,-481.976000,0.360000
103.796000,-506.020000,-377.976000,0.370000
183.796000,-166.020000,114.024000,0.370000
203.796000,489.980000,-401.976000,0.380000
523.796000,217.980000,-225.976000,0.380000
119.796000,209.980000,-149.976000,0.390000
211.796000,-294.020000,86.024000,0.390000
211.796000,-546.020000,78.024000,0.400000
223.796000,-114.020000,70.024000,0.400000
495.796000,65.980000,-337.976000,0.400000
619.796000,197.980000,-349.976000,0.410000
95.796000,81.980000,-429.976000,0.410000
291.796000,-174.020000,-461.976000,0.420000
375.796000,-218.020000,-5.976000,0.420000
163.796000,-290.020000,62.024000,0.430000
207.796000,201.980000,-369.976000,0.430000
559.796000,165.980000,-73.976000,0.440000
591.796000,-58.020000,-289.976000,0.440000
435.796000,185.980000,114.024000,0.450000
223.796000,-126.020000,-57.976000,0.450000
223.796000,-342.020000,-373.976000,0.450000
427.796000,-10.020000,-145.976000,0.460000
303.796000,245.980000,-221.976000,0.460000
463.796000,-18.020000,-181.976000,0.470000
547.796000,429.980000,-281.976000,0.470000
23.796000,-94.020000,-165.976000,0.480000
147.796000,-290.020000,-449.976000,0.480000
523.796000,-326.020000,266.024000,0.490000
183.796000,-354.020000,154.024000,0.490000
259.796000,405.980000,-249.976000,0.500000
711.796000,-46.020000,314.024000,0.500000
387.796000,-498.020000,206.024000,0.510000
323.796000,-250.020000,-313.976000,0.510000
339.796000,-38.020000,-313.976000,0.510000
515.796000,245.980000,-305.976000,0.520000
695.796000,441.980000,-245.976000,0.520000
423.796000,77.980000,-161.976000,0.530000
151.796000,117.980000,162.024000,0.530000
475.796000,-226.020000,190.024000,0.540000
591.796000,-502.020000,130.024000,0.540000
403.796000,-190.020000,-197.976000,0.550000
267.796000,-34.020000,-601.976000,0.550000
543.796000,169.980000,-473.976000,0.560000
607.796000,-66.020000,42.024000,0.560000
487.796000,-222.020000,78.024000,0.560000
447.796000,25.980000,46.024000,0.570000
563.796000,77.980000,-585.976000,0.570000
307.796000,189.980000,-561.976000,0.580000
307.796000,441.980000,-121.976000,0.580000
723.796000,-202.020000,-353.976000,0.590000
515.796000,-178.020000,-73.976000,0.590000
215.796000,-346.020000,166.024000,0.600000
395.796000,-666.020000,-65.976000,0.600000
247.796000,45.980000,-457.976000,0.610000
543.796000,329.980000,6.024000,0.610000
567.796000,257.980000,-545.976000,0.620000
591.796000,109.980000,150.024000,0.620000
679.796000,-214.020000,162.024000,0.630000
455.796000,-62.020000,-213.976000,0.630000
695.796000,-14.020000,-197.976000,0.630000
891.796000,-146.020000,-189.976000,0.640000
363.796000,145.980000,-233.976000,0.640000
459.796000,-138.020000,-9.976000,0.650000
791.796000,-226.020000,-189.976000,0.650000
807.796000,-202.020000,-73.976000,0.660000
467.796000,-690.020000,-93.976000,0.660000
31.796000,73.980000,-245.976000,0.670000
379.796000,509.980000,-269.976000,0.670000
863.796000,-90.020000,-93.976000,0.680000
627.796000,249.980000,98.024000,0.680000
535.796000,149.980000,-261.976000,0.690000
631.796000,-294.020000,-389.976000,0.690000
395.796000,-230.020000,-397.976000,0.690000
471.796000,-362.020000,198.024000,0.700000
927.796000,1.980000,-433.976000,0.700000
711.796000,169.980000,246.024000,0.710000
431.796000,-266.020000,-121.976000,0.710000
703.796000,-258.020000,-245.976000,0.720000
411.796000,-162.020000,-205.976000,0.720000
371.796000,-46.020000,6.024000,0.730000
383.796000,229.980000,-457.976000,0.730000
883.796000,-22.020000,-285.976000,0.740000
675.796000,-162.020000,-61.976000,0.740000
295.796000,-182.020000,94.024000,0.740000
423.796000,-306.020000,-341.976000,0.750000
695.796000,-294.020000,-233.976000,0.750000
499.796000,-30.020000,-361.976000,0.760000
295.796000,-22.020000,-329.976000,0.760000
691.796000,49.980000,6.024000,0.770000
571.796000,-246.020000,-81.976000,0.770000
619.796000,-314.020000,374.024000,0.780000
355.796000,-78.020000,-669.976000,0.780000
251.796000,129.980000,-445.976000,0.790000
667.796000,341.980000,-601.976000,0.790000
711.796000,-26.020000,-357.976000,0.800000
559.796000,-194.020000,-53.976000,0.800000
427.796000,-94.020000,54.024000,0.800000
575.796000,-422.020000,42.024000,0.810000
515.796000,-118.020000,-437.976000,0.810000
527.796000,145.980000,-105.976000,0.820000
575.796000,-210.020000,14.024000,0.820000
303.796000,89.980000,2.024000,0.830000
639.796000,-318.020000,-105.976000,0.830000
499.796000,-166.020000,-85.976000,0.840000
383.796000,129.980000,-577.976000,0.840000
383.796000,61.980000,34.024000,0.850000
379.796000,157.980000,-377.976000,0.850000
587.796000,25.980000,42.024000,0.850000
679.796000,-62.020000,-309.976000,0.860000
195.796000,-142.020000,34.024000,0.860000
247.796000,-158.020000,-277.976000,0.870000
799.796000,-410.020000,-317.976000,0.870000
479.796000,113.980000,-357.976000,0.880000
407.796000,209.980000,-241.976000,0.880000
715.796000,-82.020000,10.024000,0.890000
679.796000,-182.020000,362.024000,0.890000
303.796000,-122.020000,-269.976000,0.900000
303.796000,-182.020000,-745.976000,0.900000
419.796000,-210.020000,22.024000,0.900000
559.796000,129.980000,-53.976000,0.910000
359.796000,241.980000,-41.976000,0.910000
303.796000,-146.020000,-373.976000,0.920000
435.796000,-102.020000,-297.976000,0.920000
427.796000,-82.020000,-461.976000,0.930000
435.796000,9.980000,-361.976000,0.930000
391.796000,89.980000,-69.976000,0.940000
339.796000,-142.020000,114.024000,0.940000
219.796000,21.980000,254.024000,0.950000
331.796000,181.980000,-341.976000,0.950000
367.796000,97.980000,-325.976000,0.950000
375.796000,-270.020000,-421.976000,0.960000
79.796000,-58.020000,-369.976000,0.960000
263.796000,-126.020000,-25.976000,0.970000
547.796000,-38.020000,2.024000,0.970000
395.796000,-122.020000,-25.976000,0.980000
315.796000,-50.020000,-185.976000,0.980000
-28.204000,-30.020000,-369.976000,0.990000
443.796000,-226.020000,-129.976000,0.990000
455.796000,-2.020000,-409.976000,1.000000
263.796000,-38.020000,-329.976000,1.000000
375.796000,-126.020000,-277.976000,1.010000
191.796000,-14.020000,-289.976000,1.010000
331.796000,-50.020000,46.024000,1.010000
623.796000,41.980000,-113.976000,1.020000
647.796000,101.980000,-113.976000,1.020000
283.796000,-66.020000,-405.976000,1.030000
443.796000,-234.020000,-105.976000,1.030000
567.796000,-94.020000,-5.976000,1.040000
403.796000,73.980000,-189.976000,1.040000
255.796000,125.980000,-277.976000,1.050000
219.796000,-122.020000,-213.976000,1.050000
299.796000,5.980000,-33.976000,1.060000
475.796000,-246.020000,30.024000,1.060000
351.796000,-22.020000,-601.976000,1.070000
235.796000,105.980000,-369.976000,1.070000
243.796000,-178.020000,-5.976000,1.080000
283.796000,-138.020000,198.024000,1.080000
343.796000,293.980000,50.024000,1.080000
447.796000,-174.020000,-105.976000,1.090000
323.796000,-110.020000,-425.976000,1.090000
315.796000,-18.020000,-293.976000,1.100000
467.796000,-294.020000,-381.976000,1.100000
223.796000,89.980000,-105.976000,1.110000
215.796000,77.980000,-185.976000,1.110000
231.796000,-50.020000,-89.976000,1.120000
-20.204000,-50.020000,-69.976000,1.120000
363.796000,-90.020000,-221.976000,1.130000
223.796000,81.980000,-313.976000,1.130000
235.796000,-18.020000,-117.976000,1.130000
279.796000,1.980000,-269.976000,1.140000
187.796000,-122.020000,-69.976000,1.140000
139.796000,-30.020000,198.024000,1.150000
347.796000,105.980000,-377.976000,1.150000
287.796000,-62.020000,-221.976000,1.160000
323.796000,-130.020000,-241.976000,1.160000
219.796000,-30.020000,-61.976000,1.170000
535.796000,-210.020000,-321.976000,1.170000
379.796000,-50.020000,66.024000,1.180000
31.796000,93.980000,-237.976000,1.180000
399.796000,-102.020000,-305.976000,1.190000
383.796000,65.980000,-161.976000,1.190000
367.796000,21.980000,-289.976000,1.200000
315.796000,-38.020000,-113.976000,1.200000
163.796000,-50.020000,-265.976000,1.200000
403.796000,-218.020000,-249.976000,1.210000
195.796000,-206.020000,-449.976000,1.210000
31.796000,-6.020000,-473.976000,1.220000
295.796000,-186.020000,-237.976000,1.220000
83.796000,-114.020000,-21.976000,1.230000
79.796000,121.980000,226.024000,1.230000
355.796000,-42.020000,70.024000,1.240000
131.796000,-2.020000,-521.976000,1.240000
395.796000,33.980000,-233.976000,1.250000
195.796000,29.980000,-317.976000,1.250000
171.796000,17.980000,-245.976000,1.250000
363.796000,9.980000,-45.976000,1.260000
299.796000,-170.020000,-153.976000,1.260000
399.796000,-230.020000,-77.976000,1.270000
351.796000,-186.020000,38.024000,1.270000
311.796000,-118.020000,-681.976000,1.280000
55.796000,37.980000,-101.976000,1.280000
363.796000,101.980000,-9.976000,1.290000
415.796000,53.980000,-33.976000,1.290000
67.796000,65.980000,-129.976000,1.300000
379.796000,189.980000,-193.976000,1.300000
311.796000,-178.020000,-289.976000,1.310000
131.796000,-146.020000,-473.976000,1.310000
383.796000,-102.020000,142.024000,1.320000
527.796000,-198.020000,-49.976000,1.320000
155.796000,-34.020000,10.024000,1.330000
195.796000,-18.020000,-125.976000,1.330000
355.796000,1.980000,-285.976000,1.330000
219.796000,-34.020000,-281.976000,1.340000
503.796000,9.980000,-273.976000,1.340000
103.796000,65.980000,154.024000,1.350000
211.796000,1.980000,-57.976000,1.350000
319.796000,-42.020000,-381.976000,1.360000
403.796000,-130.020000,-253.976000,1.360000
263.796000,17.980000,-345.976000,1.370000
519.796000,201.980000,-125.976000,1.370000
739.796000,-178.020000,-277.976000,1.370000
-84.204000,17.980000,-109.976000,1.380000
171.796000,-26.020000,-305.976000,1.380000
575.796000,-250.020000,-261.976000,1.390000
435.796000,101.980000,-441.976000,1.390000
47.796000,149.980000,-269.976000,1.400000
371.796000,-46.020000,170.024000,1.400000
455.796000,45.980000,98.024000,1.410000
479.796000,125.980000,-117.976000,1.410000
367.796000,-10.020000,-541.976000,1.420000
311.796000,-66.020000,-325.976000,1.420000
367.796000,-134.020000,-217.976000,1.430000
491.796000,-170.020000,-289.976000,1.430000
295.796000,37.980000,-9.976000,1.430000
435.796000,-166.020000,-61.976000,1.440000
283.796000,-170.020000,-237.976000,1.440000
295.796000,-14.020000,-589.976000,1.450000
519.796000,169.980000,-413.976000,1.450000
499.796000,49.980000,2.024000,1.460000
347.796000,77.980000,14.024000,1.460000
339.796000,-10.020000,-73.976000,1.470000
519.796000,-126.020000,174.024000,1.470000
419.796000,-74.020000,-297.976000,1.480000
387.796000,-182.020000,-461.976000,1.480000
315.796000,-158.020000,-81.976000,1.490000
527.796000,-34.020000,190.024000,1.490000
699.796000,-118.020000,242.024000,1.500000
135.796000,1.980000,54.024000,1.500000
339.796000,157.980000,-473.976000,1.500000
743.796000,33.980000,-413.976000,1.510000
335.796000,277.980000,-293.976000,1.510000
507.796000,49.980000,-325.976000,1.520000
867.796000,-190.020000,-17.976000,1.520000
275.796000,-74.020000,-101.976000,1.530000
371.796000,-334.020000,-153.976000,1.530000
563.796000,-426.020000,-521.976000,1.540000
423.796000,-130.020000,-349.976000,1.540000
559.796000,-274.020000,-341.976000,1.550000
591.796000,-22.020000,-89.976000,1.550000
415.796000,85.980000,38.024000,1.550000
295.796000,69.980000,-9.976000,1.560000
183.796000,249.980000,10.024000,1.560000
551.796000,237.980000,-157.976000,1.570000
563.796000,13.980000,-305.976000,1.570000
583.796000,-182.020000,-49.976000,1.580000
539.796000,-338.020000,106.024000,1.580000
755.796000,-238.020000,-109.976000,1.590000
591.796000,-354.020000,-345.976000,1.590000
531.796000,-334.020000,-161.976000,1.600000
363.796000,169.980000,-265.976000,1.600000
935.796000,-30.020000,-397.976000,1.610000
891.796000,-94.020000,210.024000,1.610000
383.796000,333.980000,-205.976000,1.610000
555.796000,-210.020000,-413.976000,1.620000
707.796000,-86.020000,-469.976000,1.620000
159.796000,65.980000,-305.976000,1.630000
439.796000,-258.020000,-477.976000,1.630000
615.796000,-198.020000,462.024000,1.640000
575.796000,-54.020000,-205.976000,1.640000
515.796000,-282.020000,-201.976000,1.650000
439.796000,13.980000,-473.976000,1.650000
539.796000,-62.020000,-101.976000,1.660000
371.796000,-6.020000,-341.976000,1.660000
399.796000,57.980000,210.024000,1.660000
743.796000,-122.020000,-13.976000,1.670000
583.796000,-22.020000,-137.976000,1.670000
299.796000,-78.020000,-381.976000,1.680000
551.796000,-34.020000,-517.976000,1.680000
491.796000,-162.020000,-133.976000,1.690000
579.796000,-242.020000,-93.976000,1.690000
399.796000,125.980000,62.024000,1.700000
487.796000,-30.020000,-153.976000,1.700000
423.796000,-6.020000,-253.976000,1.710000
583.796000,173.980000,-281.976000,1.710000
523.796000,173.980000,-261.976000,1.720000
591.796000,93.980000,-441.976000,1.720000
467.796000,53.980000,90.024000,1.730000
299.796000,-58.020000,6.024000,1.730000
487.796000,13.980000,-233.976000,1.730000
463.796000,-274.020000,-253.976000,1.740000
331.796000,-98.020000,-393.976000,1.740000
459.796000,-70.020000,-365.976000,1.750000
739.796000,-146.020000,322.024000,1.750000
559.796000,-114.020000,82.024000,1.760000
327.796000,-6.020000,-133.976000,1.760000
303.796000,-10.020000,-249.976000,1.770000
227.796000,5.980000,-357.976000,1.770000
555.796000,137.980000,-133.976000,1.780000
415.796000,93.980000,-173.976000,1.780000
419.796000,-110.020000,130.024000,1.780000
631.796000,13.980000,-77.976000,1.790000
367.796000,-54.020000,-209.976000,1.790000
423.796000,-186.020000,-425.976000,1.800000
519.796000,45.980000,-361.976000,1.800000
343.796000,17.980000,-165.976000,1.810000
515.796000,37.980000,242.024000,1.810000
483.796000,141.980000,-105.976000,1.820000
407.796000,133.980000,-313.976000,1.820000
223.796000,-190.020000,-549.976000,1.830000
391.796000,9.980000,-125.976000,1.830000
511.796000,249.980000,-137.976000,1.840000
671.796000,-94.020000,174.024000,1.840000
583.796000,-154.020000,-37.976000,1.850000
407.796000,-142.020000,-133.976000,1.850000
639.796000,-142.020000,-629.976000,1.850000
295.796000,-298.020000,-393.976000,1.860000
387.796000,-194.020000,-281.976000,1.860000
567.796000,69.980000,-197.976000,1.870000
715.796000,-182.020000,62.024000,1.870000
307.796000,133.980000,-13.976000,1.880000
151.796000,117.980000,-305.976000,1.880000
415.796000,-170.020000,-561.976000,1.890000
271.796000,-74.020000,-37.976000,1.890000
331.796000,197.980000,-381.976000,1.900000
415.796000,-206.020000,106.024000,1.900000
459.796000,-34.020000,50.024000,1.900000
243.796000,-114.020000,-261.976000,1.910000
147.796000,-262.020000,-369.976000,1.910000
227.796000,189.980000,142.024000,1.920000
379.796000,-2.020000,-349.976000,1.920000
359.796000,-18.020000,-157.976000,1.930000
111.796000,97.980000,-161.976000,1.930000
691.796000,-26.020000,-189.976000,1.940000
443.796000,29.980000,-333.976000,1.940000
315.796000,29.980000,-509.976000,1.950000
399.796000,-26.020000,-365.976000,1.950000
295.796000,-106.020000,-253.976000,1.960000
563.796000,-210.020000,238.024000,1.960000
395.796000,-98.020000,-129.976000,1.960000
643.796000,-202.020000,-153.976000,1.970000
287.796000,-106.020000,-645.976000,1.970000
279.796000,-54.020000,-125.976000,1.980000
291.796000,-2.020000,-477.976000,1.980000
627.796000,105.980000,6.024000,1.990000
259.796000,105.980000,62.024000,1.990000
167.796000,125.980000,-81.976000,2.000000
295.796000,-70.020000,-317.976000,2.000000
387.796000,-134.020000,82.024000,2.010000
267.796000,-70.020000,-41.976000,2.010000
335.796000,65.980000,-241.976000,2.020000
527.796000,-126.020000,142.024000,2.020000
331.796000,-90.020000,-297.976000,2.020000
263.796000,-50.020000,-225.976000,2.030000
203.796000,-50.020000,-437.976000,2.030000
195.796000,69.980000,166.024000,2.040000
399.796000,41.980000,-169.976000,2.040000
143.796000,129.980000,-173.976000,2.050000
75.796000,-2.020000,82.024000,2.050000
299.796000,-46.020000,-65.976000,2.060000
231.796000,-106.020000,-421.976000,2.060000
195.796000,-70.020000,-241.976000,2.070000
315.796000,-10.020000,-301.976000,2.070000
543.796000,-418.020000,74.024000,2.080000
267.796000,-282.020000,-285.976000,2.080000
267.796000,113.980000,-305.976000,2.080000
643.796000,-242.020000,-317.976000,2.090000
475.796000,-154.020000,286.024000,2.090000
103.796000,281.980000,-361.976000,2.100000
319.796000,-350.020000,-49.976000,2.100000
467.796000,-210.020000,-333.976000,2.110000
203.796000,-38.020000,-153.976000,2.110000
203.796000,-214.020000,-261.976000,2.120000
63.796000,17.980000,-309.976000,2.120000
371.796000,137.980000,-317.976000,2.130000
139.796000,-186.020000,-229.976000,2.130000
215.796000,93.980000,-205.976000,2.130000
471.796000,-238.020000,-5.976000,2.140000
263.796000,-74.020000,-249.976000,2.140000
-144.204000,125.980000,-101.976000,2.150000
387.796000,-10.020000,-117.976000,2.150000
271.796000,77.980000,-281.976000,2.160000
219.796000,-74.020000,-441.976000,2.160000
251.796000,-70.020000,-297.976000,2.170000
95.796000,-54.020000,-349.976000,2.170000
267.796000,-2.020000,-473.976000,2.180000
191.796000,-18.020000,-53.976000,2.180000
91.796000,89.980000,-369.976000,2.190000
503.796000,-110.020000,30.024000,2.190000
399.796000,-34.020000,-149.976000,2.190000
271.796000,61.980000,-253.976000,2.200000
383.796000,-86.020000,-389.976000,2.200000
367.796000,-82.020000,-137.976000,2.210000
155.796000,-70.020000,-405.976000,2.210000
199.796000,-54.020000,-77.976000,2.220000
499.796000,-202.020000,-105.976000,2.220000
379.796000,25.980000,-197.976000,2.230000
367.796000,101.980000,-221.976000,2.230000
243.796000,-122.020000,-293.976000,2.240000
199.796000,-206.020000,234.024000,2.240000
327.796000,-102.020000,-97.976000,2.250000
223.796000,-50.020000,-29.976000,2.250000
315.796000,5.980000,-201.976000,2.260000
111.796000,65.980000,-293.976000,2.260000
243.796000,-50.020000,-233.976000,2.260000
103.796000,-50.020000,-9.976000,2.270000
427.796000,-18.020000,-345.976000,2.270000
279.796000,-102.020000,-137.976000,2.280000
111.796000,-86.020000,-313.976000,2.280000
535.796000,37.980000,-213.976000,2.290000
491.796000,-110.020000,-205.976000,2.290000
235.796000,97.980000,-217.976000,2.300000
95.796000,113.980000,-393.976000,2.300000
547.796000,-410.020000,-93.976000,2.310000
279.796000,-114.020000,-205.976000,2.310000
299.796000,85.980000,-145.976000,2.310000
515.796000,-254.020000,-29.976000,2.320000
227.796000,133.980000,-357.976000,2.320000
535.796000,-202.020000,-221.976000,2.330000
339.796000,-182.020000,-225.976000,2.330000
399.796000,-14.020000,-185.976000,2.340000
563.796000,-194.020000,-293.976000,2.340000
251.796000,33.980000,-237.976000,2.350000
127.796000,37.980000,-253.976000,2.350000
563.796000,5.980000,26.024000,2.360000
555.796000,-142.020000,-221.976000,2.360000
-32.204000,-54.020000,-41.976000,2.370000
527.796000,-102.020000,-169.976000,2.370000
535.796000,-162.020000,-357.976000,2.380000
431.796000,-182.020000,-101.976000,2.380000
371.796000,101.980000,-185.976000,2.380000
623.796000,13.980000,26.024000,2.390000
311.796000,-90.020000,58.024000,2.390000
343.796000,61.980000,-93.976000,2.400000
475.796000,-126.020000,-289.976000,2.400000
575.796000,-22.020000,-109.976000,2.410000
459.796000,-34.020000,-149.976000,2.410000
335.796000,-270.020000,-9.976000,2.420000
331.796000,-58.020000,-33.976000,2.420000
603.796000,-230.020000,-145.976000,2.430000
287.796000,-94.020000,-405.976000,2.430000
203.796000,41.980000,-457.976000,2.440000
423.796000,9.980000,-133.976000,2.440000
503.796000,33.980000,162.024000,2.440000
319.796000,93.980000,34.024000,2.450000
735.796000,-42.020000,-101.976000,2.450000
375.796000,-78.020000,-69.976000,2.460000
535.796000,-134.020000,-169.976000,2.460000
391.796000,-106.020000,-341.976000,2.470000
579.796000,-194.020000,-505.976000,2.470000
515.796000,-258.020000,34.024000,2.480000
471.796000,-114.020000,-109.976000,2.480000
487.796000,-170.020000,-29.976000,2.490000
503.796000,73.980000,90.024000,2.490000
459.796000,21.980000,-205.976000,2.500000
411.796000,249.980000,-345.976000,2.500000
479.796000,-154.020000,-65.976000,2.500000
887.796000,-142.020000,-349.976000,2.510000
315.796000,-54.020000,-313.976000,2.510000
519.796000,-254.020000,-501.976000,2.520000
635.796000,-222.020000,-305.976000,2.520000
303.796000,-34.020000,22.024000,2.530000
399.796000,-26.020000,-273.976000,2.530000
571.796000,-346.020000,-213.976000,2.540000
615.796000,-78.020000,-25.976000,2.540000
755.796000,13.980000,-45.976000,2.550000
411.796000,229.980000,-161.976000,2.550000
139.796000,273.980000,-233.976000,2.550000
483.796000,-18.020000,-89.976000,2.560000
503.796000,-74.020000,-117.976000,2.560000
351.796000,-158.020000,-189.976000,2.570000
651.796000,-226.020000,-305.976000,2.570000
463.796000,-330.020000,-233.976000,2.580000
291.796000,-62.020000,-129.976000,2.580000
443.796000,245.980000,-81.976000,2.590000
623.796000,5.980000,-157.976000,2.590000
667.796000,-194.020000,-285.976000,2.600000
439.796000,129.980000,6.024000,2.600000
587.796000,-206.020000,-261.976000,2.610000
491.796000,-198.020000,-221.976000,2.610000
407.796000,229.980000,-449.976000,2.610000
863.796000,-154.020000,6.024000,2.620000
559.796000,-86.020000,-49.976000,2.620000
275.796000,-50.020000,-293.976000,2.630000
607.796000,-270.020000,-233.976000,2.630000
303.796000,33.980000,26.024000,2.640000
535.796000,25.980000,-217.976000,2.640000
599.796000,-74.020000,-21.976000,2.650000
447.796000,-46.020000,-153.976000,2.650000
551.796000,-122.020000,-309.976000,2.660000
575.796000,-70.020000,42.024000,2.660000
307.796000,113.980000,-317.976000,2.670000
375.796000,41.980000,-9.976000,2.670000
591.796000,-70.020000,78.024000,2.670000
623.796000,65.980000,-205.976000,2.680000
431.796000,-14.020000,-357.976000,2.680000
315.796000,-134.020000,-277.976000,2.690000
335.796000,61.980000,-397.976000,2.690000
495.796000,-58.020000,-313.976000,2.700000
479.796000,81.980000,-553.976000,2.700000
439.796000,61.980000,-449.976000,2.710000
479.796000,-74.020000,-161.976000,2.710000
295.796000,-230.020000,-61.976000,2.720000
507.796000,-78.020000,-141.976000,2.720000
599.796000,-282.020000,-145.976000,2.730000
283.796000,-18.020000,-337.976000,2.730000
507.796000,109.980000,-197.976000,2.730000
579.796000,9.980000,110.024000,2.740000
663.796000,9.980000,-181.976000,2.740000
371.796000,25.980000,122.024000,2.750000
527.796000,-102.020000,-281.976000,2.750000
391.796000,-138.020000,-117.976000,2.760000
507.796000,69.980000,-437.976000,2.760000
615.796000,137.980000,-189.976000,2.770000
431.796000,-54.020000,-13.976000,2.770000
427.796000,-214.020000,-65.976000,2.780000
203.796000,-30.020000,58.024000,2.780000
359.796000,-14.020000,-229.976000,2.780000
471.796000,137.980000,-237.976000,2.790000
247.796000,129.980000,-81.976000,2.790000
407.796000,-6.020000,-217.976000,2.800000
379.796000,141.980000,-357.976000,2.800000
411.796000,-94.020000,-181.976000,2.810000
315.796000,-182.020000,-369.976000,2.810000
295.796000,245.980000,54.024000,2.820000
451.796000,-26.020000,-173.976000,2.820000
407.796000,-106.020000,-209.976000,2.830000
367.796000,9.980000,-465.976000,2.830000
459.796000,-170.020000,-197.976000,2.840000
455.796000,-170.020000,-257.976000,2.840000
459.796000,53.980000,-245.976000,2.840000
487.796000,-66.020000,-245.976000,2.850000
319.796000,-254.020000,14.024000,2.850000
351.796000,-138.020000,-141.976000,2.860000
459.796000,-34.020000,-85.976000,2.860000
343.796000,-22.020000,-25.976000,2.870000
295.796000,-34.020000,70.024000,2.870000
147.796000,13.980000,-237.976000,2.880000
287.796000,-122.020000,-65.976000,2.880000
347.796000,-18.020000,-429.976000,2.890000
287.796000,-58.020000,-701.976000,2.890000
543.796000,-94.020000,870.024000,2.900000
567.796000,-46.020000,1470.024000,2.900000
-124.204000,-2.020000,-937.976000,2.900000
571.796000,-194.020000,-449.976000,2.910000
879.796000,-90.020000,886.024000,2.910000
111.796000,-246.020000,-989.976000,2.920000
-120.204000,-66.020000,-1145.976000,2.920000
263.796000,-46.020000,366.024000,2.930000
219.796000,-34.020000,-37.976000,2.930000
299.796000,-174.020000,-349.976000,2.940000
103.796000,-182.020000,134.024000,2.940000
479.796000,-138.020000,6.024000,2.950000
-24.204000,-34.020000,-25.976000,2.950000
415.796000,237.980000,-369.976000,2.960000
491.796000,169.980000,-469.976000,2.960000
691.796000,109.980000,-749.976000,2.960000
335.796000,137.980000,-641.976000,2.970000
607.796000,1.980000,-377.976000,2.970000
319.796000,-170.020000,-949.976000,2.980000
-228.204000,-174.020000,-821.976000,2.980000
439.796000,-258.020000,158.024000,2.990000
535.796000,-182.020000,-21.976000,2.990000
-180.204000,-78.020000,-469.976000,3.000000
155.796000,-174.020000,62.024000,3.000000
691.796000,-90.020000,218.024000,3.010000
347.796000,-194.020000,178.024000,3.010000
99.796000,97.980000,-181.976000,3.020000
407.796000,469.980000,-449.976000,3.020000
219.796000,-38.020000,-149.976000,3.020000
131.796000,-10.020000,430.024000,3.030000
39.796000,341.980000,-89.976000,3.030000
231.796000,-114.020000,-149.976000,3.040000
155.796000,97.980000,-181.976000,3.040000
187.796000,-82.020000,-569.976000,3.050000
299.796000,-218.020000,-649.976000,3.050000
111.796000,-258.020000,-81.976000,3.060000
595.796000,-206.020000,-69.976000,3.060000
519.796000,-26.020000,-17.976000,3.070000
-72.204000,-38.020000,-397.976000,3.070000
35.796000,277.980000,-433.976000,3.080000
383.796000,93.980000,-421.976000,3.080000
119.796000,-262.020000,-189.976000,3.080000
99.796000,-182.020000,-437.976000,3.090000
207.796000,-82.020000,-193.976000,3.090000
327.796000,-350.020000,-125.976000,3.100000
259.796000,37.980000,178.024000,3.100000
435.796000,113.980000,278.024000,3.110000
371.796000,-90.020000,-29.976000,3.110000
99.796000,173.980000,346.024000,3.120000
455.796000,-250.020000,-61.976000,3.120000
483.796000,-118.020000,130.024000,3.130000
211.796000,277.980000,82.024000,3.130000
467.796000,-42.020000,-177.976000,3.140000
279.796000,21.980000,-233.976000,3.140000
231.796000,-18.020000,-177.976000,3.140000
283.796000,-198.020000,-317.976000,3.150000
303.796000,-350.020000,-169.976000,3.150000
335.796000,-202.020000,-401.976000,3.160000
99.796000,-74.020000,-445.976000,3.160000
359.796000,-58.020000,-369.976000,3.170000
575.796000,33.980000,-449.976000,3.170000
59.796000,49.980000,-325.976000,3.180000
423.796000,-78.020000,-337.976000,3.180000
255.796000,-2.020000,-333.976000,3.190000
411.796000,-54.020000,-565.976000,3.190000
235.796000,-198.020000,-181.976000,3.200000
555.796000,-58.020000,-1.976000,3.200000
551.796000,-122.020000,26.024000,3.200000
219.796000,-122.020000,58.024000,3.210000
271.796000,-150.020000,118.024000,3.210000
455.796000,-22.020000,-17.976000,3.220000
575.796000,197.980000,-49.976000,3.220000
575.796000,-194.020000,6.024000,3.230000
279.796000,-102.020000,58.024000,3.230000
283.796000,-30.020000,-305.976000,3.240000
391.796000,-366.020000,30.024000,3.240000
203.796000,45.980000,166.024000,3.250000
351.796000,-202.020000,-469.976000,3.250000
371.796000,1.980000,-421.976000,3.260000
267.796000,-130.020000,-201.976000,3.260000
503.796000,-26.020000,-21.976000,3.260000
383.796000,-430.020000,-185.976000,3.270000
91.796000,-158.020000,58.024000,3.270000
335.796000,-34.020000,-421.976000,3.280000
287.796000,21.980000,-489.976000,3.280000
535.796000,85.980000,-157.976000,3.290000
563.796000,89.980000,-225.976000,3.290000
355.796000,-46.020000,-285.976000,3.300000
-28.204000,-182.020000,-65.976000,3.300000
87.796000,-62.020000,-77.976000,3.310000
555.796000,-154.020000,-73.976000,3.310000
527.796000,-30.020000,202.024000,3.320000
531.796000,-74.020000,-5.976000,3.320000
339.796000,-234.020000,-333.976000,3.320000
267.796000,-250.020000,82.024000,3.330000
335.796000,-186.020000,-89.976000,3.330000
655.796000,37.980000,46.024000,3.340000
463.796000,213.980000,-205.976000,3.340000
551.796000,161.980000,58.024000,3.350000
691.796000,-170.020000,-325.976000,3.350000
327.796000,-154.020000,-125.976000,3.360000
155.796000,-102.020000,-377.976000,3.360000
371.796000,-230.020000,-153.976000,3.370000
431.796000,-18.020000,10.024000,3.370000
519.796000,-54.020000,122.024000,3.380000
387.796000,-78.020000,-365.976000,3.380000
307.796000,133.980000,-377.976000,3.380000
359.796000,-46.020000,-217.976000,3.390000
571.796000,-46.020000,-173.976000,3.390000
451.796000,-62.020000,-433.976000,3.400000
403.796000,-118.020000,34.024000,3.400000
447.796000,-174.020000,-53.976000,3.410000
603.796000,-230.020000,62.024000,3.410000
339.796000,-2.020000,-261.976000,3.420000
455.796000,-10.020000,-353.976000,3.420000
671.796000,-46.020000,-285.976000,3.430000
543.796000,37.980000,-321.976000,3.430000
519.796000,-198.020000,-245.976000,3.440000
411.796000,-154.020000,-137.976000,3.440000
391.796000,-58.020000,-29.976000,3.440000
327.796000,25.980000,-125.976000,3.450000
499.796000,-46.020000,-301.976000,3.450000
607.796000,109.980000,-493.976000,3.460000
571.796000,-78.020000,-121.976000,3.460000
483.796000,-206.020000,-533.976000,3.470000
503.796000,-330.020000,-213.976000,3.470000
23.796000,-122.020000,-133.976000,3.480000
551.796000,-46.020000,-189.976000,3.480000
655.796000,345.980000,-285.976000,3.490000
595.796000,-14.020000,70.024000,3.490000
287.796000,-86.020000,-141.976000,3.500000
303.796000,-226.020000,94.024000,3.500000
183.796000,-142.020000,-21.976000,3.500000
643.796000,-226.020000,-245.976000,3.510000
679.796000,81.980000,-165.976000,3.510000
283.796000,49.980000,86.024000,3.520000
539.796000,-34.020000,-285.976000,3.520000
431.796000,-114.020000,118.024000,3.530000
319.796000,45.980000,-25.976000,3.530000
407.796000,-18.020000,-145.976000,3.540000
595.796000,-86.020000,18.024000,3.540000
523.796000,113.980000,-281.976000,3.550000
591.796000,89.980000,-197.976000,3.550000
663.796000,-206.020000,-209.976000,3.550000
555.796000,-270.020000,-129.976000,3.560000
207.796000,-62.020000,-489.976000,3.560000
575.796000,-314.020000,78.024000,3.570000
635.796000,293.980000,-333.976000,3.570000
583.796000,-10.020000,258.024000,3.580000
523.796000,-90.020000,-77.976000,3.580000
319.796000,-78.020000,230.024000,3.590000
275.796000,-42.020000,-49.976000,3.590000
599.796000,-294.020000,202.024000,3.600000
315.796000,177.980000,-125.976000,3.600000
715.796000,-86.020000,-113.976000,3.610000
411.796000,-362.020000,-121.976000,3.610000
71.796000,-166.020000,22.024000,3.610000
411.796000,101.980000,-93.976000,3.620000
651.796000,121.980000,-257.976000,3.620000
575.796000,297.980000,-305.976000,3.630000
607.796000,249.980000,26.024000,3.630000
383.796000,-118.020000,-125.976000,3.640000
303.796000,-250.020000,-417.976000,3.640000
239.796000,-70.020000,50.024000,3.650000
343.796000,93.980000,-217.976000,3.650000
687.796000,137.980000,-241.976000,3.660000
715.796000,157.980000,-77.976000,3.660000
231.796000,-102.020000,-277.976000,3.660000
427.796000,-98.020000,-401.976000,3.670000
251.796000,-214.020000,-61.976000,3.670000
151.796000,1.980000,-69.976000,3.680000
563.796000,121.980000,-53.976000,3.680000
931.796000,41.980000,118.024000,3.690000
395.796000,109.980000,-153.976000,3.690000
531.796000,-122.020000,-89.976000,3.700000
343.796000,-242.020000,-189.976000,3.700000
239.796000,-94.020000,-137.976000,3.710000
271.796000,-78.020000,-261.976000,3.710000
659.796000,105.980000,-125.976000,3.720000
607.796000,129.980000,-77.976000,3.720000
431.796000,-70.020000,-113.976000,3.720000
267.796000,-98.020000,-333.976000,3.730000
267.796000,-106.020000,-281.976000,3.730000
335.796000,-38.020000,-421.976000,3.740000
195.796000,-146.020000,-333.976000,3.740000
495.796000,-26.020000,-329.976000,3.750000
379.796000,-78.020000,98.024000,3.750000
351.796000,-190.020000,-117.976000,3.760000
251.796000,-106.020000,-17.976000,3.760000
163.796000,-238.020000,-281.976000,3.770000
315.796000,-178.020000,294.024000,3.770000
527.796000,-26.020000,118.024000,3.780000
435.796000,-242.020000,-117.976000,3.780000
355.796000,-286.020000,-349.976000,3.780000
263.796000,53.980000,-265.976000,3.790000
391.796000,-286.020000,-113.976000,3.790000
151.796000,13.980000,-201.976000,3.800000
503.796000,209.980000,-369.976000,3.800000
679.796000,-90.020000,-445.976000,3.810000
259.796000,5.980000,42.024000,3.810000
71.796000,-78.020000,-49.976000,3.820000
387.796000,-318.020000,-209.976000,3.820000
63.796000,-62.020000,-45.976000,3.830000
371.796000,-26.020000,-233.976000,3.830000
599.796000,-58.020000,-405.976000,3.840000
219.796000,-86.020000,-89.976000,3.840000
15.796000,-42.020000,-173.976000,3.840000
107.796000,-274.020000,18.024000,3.850000
375.796000,-270.020000,-93.976000,3.850000
311.796000,-114.020000,162.024000,3.860000
567.796000,-18.020000,-269.976000,3.860000
219.796000,61.980000,-109.976000,3.870000
119.796000,57.980000,-225.976000,3.870000
267.796000,-18.020000,-65.976000,3.880000
239.796000,-150.020000,-329.976000,3.880000
127.796000,-86.020000,-21.976000,3.890000
583.796000,-190.020000,38.024000,3.890000
247.796000,-2.020000,-301.976000,3.900000
195.796000,-94.020000,-321.976000,3.900000
527.796000,-66.020000,-177.976000,3.900000
259.796000,-58.020000,-165.976000,3.910000
23.796000,-98.020000,-193.976000,3.910000
191.796000,5.980000,-265.976000,3.920000
419.796000,-2.020000,-421.976000,3.920000
235.796000,-50.020000,-469.976000,3.930000
191.796000,21.980000,-377.976000,3.930000
283.796000,-66.020000,26.024000,3.940000
219.796000,-34.020000,-101.976000,3.940000
83.796000,-18.020000,-161.976000,3.950000
399.796000,-318.020000,-229.976000,3.950000
239.796000,-90.020000,38.024000,3.960000
391.796000,-294.020000,-433.976000,3.960000
327.796000,-146.020000,-69.976000,3.970000
91.796000,77.980000,-81.976000,3.970000
291.796000,-98.020000,42.024000,3.970000
311.796000,169.980000,-309.976000,3.980000
267.796000,105.980000,-185.976000,3.980000
403.796000,-414.020000,-381.976000,3.990000
211.796000,-106.020000,82.024000,3.990000
99.796000,-50.020000,-93.976000,4.000000
179.796000,-38.020000,-309.976000,4.000000
359.796000,105.980000,38.024000,4.010000
591.796000,-82.020000,-433.976000,4.010000
259.796000,1.980000,-193.976000,4.010000
195.796000,-482.020000,-221.976000,4.020000
291.796000,-470.020000,-177.976000,4.020000
-116.204000,-66.020000,38.024000,4.030000
327.796000,9.980000,18.024000,4.030000
507.796000,349.980000,-253.976000,4.040000
203.796000,277.980000,-81.976000,4.040000
127.796000,-182.020000,-513.976000,4.050000
239.796000,-26.020000,178.024000,4.050000
235.796000,-2.020000,-361.976000,4.060000
171.796000,-126.020000,-169.976000,4.060000
507.796000,169.980000,-173.976000,4.070000
835.796000,-114.020000,-165.976000,4.070000
303.796000,-222.020000,-169.976000,4.070000
87.796000,-70.020000,-33.976000,4.080000
131.796000,-302.020000,-241.976000,4.080000
315.796000,-294.020000,-229.976000,4.090000
319.796000,137.980000,-5.976000,4.090000
495.796000,33.980000,-241.976000,4.100000
343.796000,105.980000,-221.976000,4.100000
375.796000,-26.020000,-9.976000,4.110000
107.796000,-162.020000,-169.976000,4.110000
-68.204000,-86.020000,-33.976000,4.120000
543.796000,-330.020000,58.024000,4.120000
331.796000,21.980000,-305.976000,4.130000
-36.204000,109.980000,70.024000,4.130000
139.796000,-214.020000,-437.976000,4.140000
171.796000,-94.020000,-17.976000,4.140000
99.796000,13.980000,-389.976000,4.140000
275.796000,-34.020000,-277.976000,4.150000
491.796000,197.980000,-117.976000,4.150000
467.796000,-178.020000,-29.976000,4.160000
463.796000,-50.020000,-29.976000,4.160000
131.796000,-214.020000,-233.976000,4.170000
103.796000,-30.020000,-345.976000,4.170000
399.796000,-122.020000,-325.976000,4.180000
335.796000,-26.020000,-417.976000,4.180000
791.796000,169.980000,-297.976000,4.190000
451.796000,-162.020000,-69.976000,4.190000
259.796000,29.980000,-173.976000,4.200000
595.796000,-158.020000,-305.976000,4.200000
387.796000,257.980000,-329.976000,4.200000
435.796000,89.980000,-165.976000,4.210000
499.796000,105.980000,-305.976000,4.210000
295.796000,181.980000,-25.976000,4.220000
235.796000,-178.020000,-593.976000,4.220000
167.796000,-278.020000,-145.976000,4.230000
59.796000,-130.020000,-321.976000,4.230000
507.796000,-130.020000,-161.976000,4.240000
571.796000,305.980000,-233.976000,4.240000
319.796000,181.980000,-257.976000,4.250000
339.796000,-18.020000,-425.976000,4.250000
251.796000,-174.020000,-153.976000,4.250000
267.796000,-142.020000,54.024000,4.260000
451.796000,-162.020000,-73.976000,4.260000
563.796000,133.980000,130.024000,4.270000
711.796000,29.980000,-193.976000,4.270000
719.796000,-62.020000,-157.976000,4.280000
307.796000,-206.020000,-73.976000,4.280000
411.796000,-182.020000,-69.976000,4.290000
331.796000,-38.020000,-333.976000,4.290000
427.796000,57.980000,70.024000,4.300000
691.796000,113.980000,-237.976000,4.300000
623.796000,-114.020000,26.024000,4.300000
395.796000,-110.020000,-301.976000,4.310000
227.796000,-142.020000,-333.976000,4.310000
499.796000,57.980000,-145.976000,4.320000
535.796000,-26.020000,-5.976000,4.320000
519.796000,49.980000,30.024000,4.330000
655.796000,-210.020000,2.024000,4.330000
235.796000,-166.020000,-521.976000,4.340000
287.796000,-238.020000,-201.976000,4.340000
379.796000,-82.020000,-201.976000,4.350000
231.796000,45.980000,-133.976000,4.350000
539.796000,273.980000,-121.976000,4.360000
751.796000,-38.020000,-241.976000,4.360000
275.796000,-22.020000,-377.976000,4.360000
467.796000,-126.020000,-257.976000,4.370000
499.796000,-286.020000,-429.976000,4.370000
143.796000,-158.020000,-277.976000,4.380000
535.796000,-74.020000,-333.976000,4.380000
1011.796000,65.980000,-489.976000,4.390000
699.796000,-54.020000,-213.976000,4.390000
503.796000,-234.020000,-129.976000,4.400000
167.796000,-222.020000,-241.976000,4.400000
451.796000,-110.020000,106.024000,4.410000
327.796000,49.980000,162.024000,4.410000
579.796000,281.980000,-77.976000,4.420000
639.796000,37.980000,-49.976000,4.420000
259.796000,73.980000,-233.976000,4.420000
167.796000,-210.020000,-37.976000,4.430000
511.796000,-294.020000,-341.976000,4.430000
491.796000,-226.020000,-161.976000,4.440000
399.796000,53.980000,46.024000,4.440000
615.796000,-74.020000,-161.976000,4.450000
287.796000,41.980000,-293.976000,4.450000
407.796000,-126.020000,-97.976000,4.460000
163.796000,-258.020000,-89.976000,4.460000
319.796000,-78.020000,-317.976000,4.470000
631.796000,-70.020000,46.024000,4.470000
611.796000,125.980000,-93.976000,4.480000
743.796000,-74.020000,-277.976000,4.480000
431.796000,73.980000,-441.976000,4.480000
271.796000,-114.020000,-473.976000,4.490000
603.796000,-278.020000,-237.976000,4.490000
275.796000,-70.020000,-373.976000,4.500000
559.796000,-66.020000,-33.976000,4.500000
699.796000,-266.020000,206.024000,4.510000
131.796000,197.980000,-37.976000,4.510000
411.796000,-198.020000,22.024000,4.520000
755.796000,-122.020000,-145.976000,4.520000
271.796000,201.980000,74.024000,4.530000
491.796000,-2.020000,-269.976000,4.530000
791.796000,-14.020000,78.024000,4.530000
519.796000,57.980000,-501.976000,4.540000
459.796000,-370.020000,-25.976000,4.540000
303.796000,-62.020000,-125.976000,4.550000
283.796000,-106.020000,-65.976000,4.550000
347.796000,-70.020000,-441.976000,4.560000
679.796000,161.980000,-193.976000,4.560000
551.796000,237.980000,-209.976000,4.570000
671.796000,-174.020000,-109.976000,4.570000
283.796000,-110.020000,-481.976000,4.580000
131.796000,81.980000,-713.976000,4.580000
591.796000,85.980000,-985.976000,4.590000
663.796000,245.980000,-649.976000,4.590000
563.796000,169.980000,-789.976000,4.590000
507.796000,181.980000,-793.976000,4.600000
263.796000,-106.020000,-637.976000,4.600000
243.796000,-50.020000,-281.976000,4.610000
295.796000,-118.020000,-245.976000,4.610000
651.796000,-98.020000,86.024000,4.620000
943.796000,-258.020000,486.024000,4.620000
503.796000,-94.020000,-25.976000,4.630000
123.796000,-506.020000,450.024000,4.630000
383.796000,-374.020000,502.024000,4.640000
595.796000,-242.020000,606.024000,4.640000
379.796000,-50.020000,266.024000,4.650000
247.796000,-74.020000,402.024000,4.650000
363.796000,-58.020000,50.024000,4.650000
15.796000,49.980000,30.024000,4.660000
27.796000,189.980000,142.024000,4.660000
555.796000,33.980000,534.024000,4.670000
375.796000,29.980000,106.024000,4.670000
235.796000,-322.020000,206.024000,4.680000
159.796000,-386.020000,-73.976000,4.680000
323.796000,-338.020000,-101.976000,4.690000
403.796000,-514.020000,130.024000,4.690000
359.796000,241.980000,-253.976000,4.700000
47.796000,113.980000,-229.976000,4.700000
407.796000,5.980000,-581.976000,4.710000
235.796000,141.980000,-361.976000,4.710000
199.796000,441.980000,-805.976000,4.710000
523.796000,129.980000,-849.976000,4.720000
335.796000,185.980000,-793.976000,4.720000
591.796000,-38.020000,-1149.976000,4.730000
691.796000,-206.020000,-1109.976000,4.730000
291.796000,-186.020000,-485.976000,4.740000
315.796000,-574.020000,-477.976000,4.740000
567.796000,-318.020000,-409.976000,4.750000
555.796000,93.980000,-365.976000,4.750000
547.796000,21.980000,-121.976000,4.760000
491.796000,-2.020000,174.024000,4.760000
403.796000,245.980000,-17.976000,4.760000
347.796000,-142.020000,510.024000,4.770000
435.796000,69.980000,130.024000,4.770000
199.796000,-14.020000,350.024000,4.780000
215.796000,-146.020000,70.024000,4.780000
263.796000,-174.020000,158.024000,4.790000
235.796000,-290.020000,258.024000,4.790000
95.796000,-162.020000,258.024000,4.800000
99.796000,-138.020000,-449.976000,4.800000
223.796000,-74.020000,-129.976000,4.810000
63.796000,121.980000,-289.976000,4.810000
151.796000,-66.020000,-73.976000,4.820000
231.796000,65.980000,-545.976000,4.820000
303.796000,-174.020000,-77.976000,4.820000
239.796000,-62.020000,-577.976000,4.830000
195.796000,-122.020000,-285.976000,4.830000
327.796000,-86.020000,-481.976000,4.840000
495.796000,-78.020000,78.024000,4.840000
75.796000,-26.020000,-413.976000,4.850000
287.796000,21.980000,-89.976000,4.850000
371.796000,-154.020000,-317.976000,4.860000
103.796000,-6.020000,-453.976000,4.860000
119.796000,-146.020000,-385.976000,4.870000
643.796000,-162.020000,-325.976000,4.870000
407.796000,-274.020000,-249.976000,4.880000
-4.204000,-54.020000,-325.976000,4.880000
415.796000,-186.020000,134.024000,4.890000
351.796000,-90.020000,-225.976000,4.890000
119.796000,129.980000,30.024000,4.890000
535.796000,97.980000,-49.976000,4.900000
415.796000,-238.020000,494.024000,4.900000
71.796000,61.980000,90.024000,4.910000
375.796000,-318.020000,294.024000,4.910000
415.796000,-342.020000,150.024000,4.920000
27.796000,-138.020000,210.024000,4.920000
259.796000,-210.020000,-93.976000,4.930000
235.796000,-30.020000,234.024000,4.930000
251.796000,161.980000,110.024000,4.940000
231.796000,-74.020000,-333.976000,4.940000
119.796000,125.980000,54.024000,4.950000
331.796000,293.980000,-573.976000,4.950000
419.796000,-286.020000,-481.976000,4.950000
127.796000,117.980000,-589.976000,4.960000
123.796000,-118.020000,-769.976000,4.960000
387.796000,-142.020000,-705.976000,4.970000
487.796000,25.980000,-353.976000,4.970000
207.796000,65.980000,-793.976000,4.980000
259.796000,-134.020000,-741.976000,4.980000
207.796000,73.980000,-721.976000,4.990000
443.796000,-78.020000,-213.976000,4.990000
175.796000,133.980000,-465.976000,5.000000
91.796000,-174.020000,102.024000,5.000000
139.796000,-46.020000,-285.976000,5.010000
303.796000,-286.020000,-345.976000,5.010000
167.796000,-290.020000,-169.976000,5.010000
515.796000,41.980000,262.024000,5.020000
375.796000,-182.020000,-97.976000,5.020000
215.796000,-42.020000,150.024000,5.030000
207.796000,237.980000,110.024000,5.030000
615.796000,-26.020000,130.024000,5.040000
63.796000,-6.020000,170.024000,5.040000
363.796000,21.980000,-181.976000,5.050000
639.796000,-306.020000,-45.976000,5.050000
283.796000,-314.020000,66.024000,5.050000
295.796000,-314.020000,214.024000,5.060000
235.796000,-430.020000,106.024000,5.070000
131.796000,-242.020000,250.024000,5.070000
371.796000,121.980000,-113.976000,5.070000
303.796000,69.980000,-265.976000,5.080000
43.796000,101.980000,-433.976000,5.080000
527.796000,61.980000,-209.976000,5.090000
343.796000,169.980000,-861.976000,5.090000
99.796000,37.980000,-481.976000,5.100000
351.796000,-6.020000,-473.976000,5.100000
327.796000,-122.020000,-477.976000,5.110000
259.796000,-114.020000,-825.976000,5.110000
239.796000,69.980000,-461.976000,5.110000
403.796000,-70.020000,-713.976000,5.120000
483.796000,113.980000,-409.976000,5.120000
263.796000,313.980000,-369.976000,5.130000
563.796000,9.980000,-297.976000,5.130000
395.796000,105.980000,-421.976000,5.140000
419.796000,-114.020000,-389.976000,5.140000
427.796000,-226.020000,-137.976000,5.150000
407.796000,-114.020000,-233.976000,5.150000
299.796000,-286.020000,-101.976000,5.160000
151.796000,9.980000,-29.976000,5.160000
235.796000,-66.020000,422.024000,5.170000
655.796000,-202.020000,-133.976000,5.170000
391.796000,-2.020000,182.024000,5.180000
143.796000,-66.020000,-149.976000,5.180000
451.796000,-150.020000,-1.976000,5.190000
491.796000,49.980000,-49.976000,5.190000
443.796000,-282.020000,306.024000,5.190000
483.796000,-22.020000,-125.976000,5.200000
15.796000,-62.020000,34.024000,5.200000
391.796000,-186.020000,-285.976000,5.210000
143.796000,217.980000,34.024000,5.210000
431.796000,261.980000,70.024000,5.220000
603.796000,45.980000,-153.976000,5.220000
71.796000,121.980000,-237.976000,5.230000
507.796000,-262.020000,-397.976000,5.230000
555.796000,-146.020000,-377.976000,5.240000
399.796000,-18.020000,-341.976000,5.240000
447.796000,-102.020000,-317.976000,5.250000
699.796000,-234.020000,-581.976000,5.250000
623.796000,-6.020000,-229.976000,5.250000
343.796000,-198.020000,-333.976000,5.260000
115.796000,-50.020000,-397.976000,5.260000
719.796000,185.980000,-549.976000,5.270000
751.796000,-122.020000,-93.976000,5.270000
623.796000,69.980000,-189.976000,5.280000
247.796000,13.980000,-1.976000,5.280000
395.796000,-178.020000,-341.976000,5.290000
491.796000,-430.020000,142.024000,5.290000
539.796000,-62.020000,-109.976000,5.300000
431.796000,-294.020000,286.024000,5.300000
667.796000,29.980000,-77.976000,5.300000
603.796000,-106.020000,18.024000,5.310000
395.796000,53.980000,-5.976000,5.310000
319.796000,77.980000,142.024000,5.320000
675.796000,-22.020000,142.024000,5.320000
63.796000,53.980000,-61.976000,5.330000
523.796000,-106.020000,54.024000,5.330000
607.796000,-406.020000,-357.976000,5.340000
583.796000,-310.020000,146.024000,5.340000
319.796000,-278.020000,-109.976000,5.350000
479.796000,-222.020000,-33.976000,5.350000
699.796000,61.980000,-485.976000,5.360000
315.796000,-58.020000,-305.976000,5.360000
323.796000,193.980000,-429.976000,5.360000
547.796000,89.980000,-257.976000,5.370000
439.796000,-34.020000,-321.976000,5.370000
295.796000,-294.020000,370.024000,5.380000
387.796000,-46.020000,-269.976000,5.380000
583.796000,-206.020000,-81.976000,5.390000
271.796000,-86.020000,-529.976000,5.390000
447.796000,45.980000,-161.976000,5.400000
747.796000,-74.020000,-281.976000,5.400000
515.796000,-294.020000,-117.976000,5.410000
419.796000,297.980000,-133.976000,5.410000
567.796000,-58.020000,-409.976000,5.420000
499.796000,-6.020000,22.024000,5.420000
483.796000,253.980000,206.024000,5.420000
415.796000,-38.020000,-385.976000,5.430000
323.796000,-398.020000,-41.976000,5.430000
231.796000,129.980000,142.024000,5.440000
767.796000,-482.020000,110.024000,5.440000
347.796000,-566.020000,238.024000,5.450000
491.796000,177.980000,266.024000,5.450000
523.796000,-130.020000,-369.976000,5.460000
167.796000,269.980000,158.024000,5.460000
331.796000,325.980000,-301.976000,5.470000
375.796000,-70.020000,-293.976000,5.470000
-52.204000,-146.020000,-381.976000,5.480000
411.796000,169.980000,-609.976000,5.480000
807.796000,-406.020000,-93.976000,5.480000
547.796000,97.980000,-457.976000,5.490000
231.796000,-166.020000,-309.976000,5.490000
583.796000,81.980000,-413.976000,5.500000
99.796000,-6.020000,-153.976000,5.500000
263.796000,29.980000,-317.976000,5.510000
639.796000,-34.020000,-125.976000,5.510000
619.796000,-30.020000,-397.976000,5.520000
623.796000,17.980000,-29.976000,5.520000
395.796000,-194.020000,-9.976000,5.530000
159.796000,-330.020000,-49.976000,5.530000
179.796000,-298.020000,58.024000,5.530000
731.796000,81.980000,14.024000,5.540000
627.796000,-54.020000,70.024000,5.540000
411.796000,193.980000,-121.976000,5.550000
119.796000,73.980000,-301.976000,5.550000
395.796000,213.980000,-525.976000,5.560000
71.796000,5.980000,-201.976000,5.560000
219.796000,13.980000,-69.976000,5.570000
523.796000,-246.020000,62.024000,5.570000
411.796000,-110.020000,202.024000,5.580000
103.796000,-318.020000,10.024000,5.580000
127.796000,97.980000,-589.976000,5.590000
439.796000,-74.020000,-77.976000,5.590000
555.796000,-90.020000,-421.976000,5.590000
451.796000,305.980000,-213.976000,5.600000
403.796000,181.980000,-477.976000,5.600000
499.796000,305.980000,-5.976000,5.610000
391.796000,121.980000,-621.976000,5.610000
491.796000,-202.020000,-197.976000,5.620000
359.796000,-198.020000,-365.976000,5.620000
479.796000,-138.020000,-169.976000,5.630000
303.796000,-170.020000,-169.976000,5.630000
431.796000,89.980000,-337.976000,5.640000
643.796000,-134.020000,-9.976000,5.640000
499.796000,-170.020000,-381.976000,5.650000
59.796000,209.980000,154.024000,5.650000
575.796000,-46.020000,-489.976000,5.650000
667.796000,-222.020000,158.024000,5.660000
267.796000,249.980000,-541.976000,5.660000
327.796000,-194.020000,-257.976000,5.670000
87.796000,13.980000,-361.976000,5.670000
-52.204000,-158.020000,370.024000,5.680000
163.796000,-298.020000,-397.976000,5.680000
531.796000,-66.020000,350.024000,5.690000
299.796000,193.980000,142.024000,5.690000
355.796000,9.980000,-273.976000,5.700000
259.796000,321.980000,-281.976000,5.700000
535.796000,-126.020000,-241.976000,5.710000
551.796000,-174.020000,-245.976000,5.710000
91.796000,-222.020000,-25.976000,5.710000
227.796000,-242.020000,-269.976000,5.720000
535.796000,45.980000,-593.976000,5.720000
455.796000,-86.020000,-213.976000,5.730000
179.796000,169.980000,-177.976000,5.730000
347.796000,-118.020000,-169.976000,5.740000
491.796000,25.980000,-133.976000,5.740000
283.796000,-186.020000,-125.976000,5.750000
403.796000,105.980000,-237.976000,5.750000
455.796000,-114.020000,-33.976000,5.760000
287.796000,33.980000,-361.976000,5.760000
323.796000,-214.020000,10.024000,5.760000
479.796000,49.980000,-353.976000,5.770000
311.796000,-22.020000,-5.976000,5.770000
179.796000,93.980000,-621.976000,5.780000
387.796000,37.980000,-297.976000,5.780000
363.796000,337.980000,-205.976000,5.790000
551.796000,-46.020000,-205.976000,5.790000
183.796000,-110.020000,-213.976000,5.800000
283.796000,-118.020000,-9.976000,5.800000
275.796000,-282.020000,-289.976000,5.810000
247.796000,-302.020000,-85.976000,5.810000
55.796000,-78.020000,-269.976000,5.820000
399.796000,-110.020000,-81.976000,5.820000
395.796000,-166.020000,190.024000,5.820000
175.796000,209.980000,-277.976000,5.830000
379.796000,125.980000,-129.976000,5.830000
475.796000,65.980000,-525.976000,5.840000
215.796000,177.980000,-57.976000,5.840000
179.796000,81.980000,-465.976000,5.850000
427.796000,-334.020000,-181.976000,5.850000
215.796000,-54.020000,-469.976000,5.860000
59.796000,-294.020000,-149.976000,5.860000
247.796000,-342.020000,-313.976000,5.870000
283.796000,169.980000,-21.976000,5.870000
371.796000,77.980000,-569.976000,5.880000
-64.204000,141.980000,-353.976000,5.880000
155.796000,305.980000,-273.976000,5.890000
435.796000,-90.020000,-249.976000,5.890000
163.796000,-26.020000,-109.976000,5.890000
211.796000,109.980000,-289.976000,5.900000
487.796000,-194.020000,-321.976000,5.900000
367.796000,-58.020000,-309.976000,5.910000
-64.204000,-174.020000,-249.976000,5.910000
487.796000,-206.020000,-325.976000,5.920000
495.796000,-62.020000,-5.976000,5.920000
275.796000,153.980000,-305.976000,5.930000
227.796000,53.980000,-73.976000,5.930000
387.796000,45.980000,-121.976000,5.940000
335.796000,-10.020000,-137.976000,5.940000
191.796000,-6.020000,-421.976000,5.950000
51.796000,-318.020000,158.024000,5.950000
255.796000,13.980000,-241.976000,5.950000
435.796000,-294.020000,-37.976000,5.960000
223.796000,-70.020000,-281.976000,5.960000
111.796000,313.980000,142.024000,5.970000
215.796000,-190.020000,-205.976000,5.970000
459.796000,-10.020000,-181.976000,5.980000
139.796000,293.980000,-189.976000,5.980000
471.796000,-178.020000,-253.976000,5.990000
303.796000,-122.020000,58.024000,5.990000
319.796000,-86.020000,-245.976000,6.000000
223.796000,-322.020000,-217.976000,6.000000
611.796000,-82.020000,-257.976000,6.010000
379.796000,-26.020000,-409.976000,6.010000
207.796000,-42.020000,-373.976000,6.010000
219.796000,157.980000,-117.976000,6.020000
431.796000,5.980000,-385.976000,6.020000
255.796000,-26.020000,-277.976000,6.030000
283.796000,-90.020000,-157.976000,6.030000
439.796000,-86.020000,-353.976000,6.040000
543.796000,-106.020000,-349.976000,6.040000
203.796000,-142.020000,-541.976000,6.050000
291.796000,-82.020000,-161.976000,6.050000
315.796000,-18.020000,-405.976000,6.060000
251.796000,-62.020000,154.024000,6.060000
439.796000,97.980000,-129.976000,6.070000
315.796000,113.980000,54.024000,6.070000
451.796000,145.980000,-169.976000,6.070000
475.796000,17.980000,-381.976000,6.080000
211.796000,-170.020000,-381.976000,6.080000
159.796000,-174.020000,-417.976000,6.090000
591.796000,-362.020000,74.024000,6.090000
299.796000,5.980000,-49.976000,6.100000
35.796000,77.980000,-9.976000,6.100000
479.796000,5.980000,-189.976000,6.110000
255.796000,153.980000,-217.976000,6.110000
283.796000,181.980000,-405.976000,6.110000
567.796000,-142.020000,-381.976000,6.120000
491.796000,85.980000,-165.976000,6.120000
383.796000,53.980000,-269.976000,6.130000
595.796000,-386.020000,-57.976000,6.130000
371.796000,-186.020000,42.024000,6.140000
363.796000,-350.020000,-233.976000,6.140000
375.796000,-194.020000,-421.976000,6.150000
323.796000,49.980000,-541.976000,6.150000
451.796000,-10.020000,-537.976000,6.160000
635.796000,1.980000,-229.976000,6.160000
431.796000,293.980000,-181.976000,6.170000
735.796000,-10.020000,-197.976000,6.170000
363.796000,-118.020000,-89.976000,6.180000
311.796000,-74.020000,-297.976000,6.180000
383.796000,-86.020000,-209.976000,6.180000
503.796000,-106.020000,-229.976000,6.190000
435.796000,-54.020000,-213.976000,6.190000
371.796000,-18.020000,118.024000,6.200000
435.796000,1.980000,-1.976000,6.200000
507.796000,25.980000,206.024000,6.210000
391.796000,29.980000,-61.976000,6.210000
547.796000,-66.020000,-185.976000,6.220000
1035.796000,57.980000,-489.976000,6.220000
683.796000,-178.020000,-429.976000,6.230000
7.796000,-146.020000,-765.976000,6.230000
327.796000,-94.020000,-13.976000,6.240000
595.796000,-166.020000,-117.976000,6.240000
363.796000,145.980000,-573.976000,6.240000
251.796000,197.980000,-481.976000,6.250000
787.796000,5.980000,90.024000,6.250000
303.796000,-298.020000,222.024000,6.260000
303.796000,-406.020000,370.024000,6.260000
679.796000,-358.020000,18.024000,6.270000
783.796000,-250.020000,26.024000,6.270000
159.796000,-86.020000,-545.976000,6.280000
499.796000,165.980000,-401.976000,6.280000
767.796000,-46.020000,-189.976000,6.290000
383.796000,-142.020000,-229.976000,6.290000
-64.204000,181.980000,-89.976000,6.300000
351.796000,13.980000,-109.976000,6.300000
379.796000,145.980000,34.024000,6.300000
871.796000,9.980000,26.024000,6.310000
643.796000,-202.020000,258.024000,6.310000
511.796000,-346.020000,54.024000,6.320000
151.796000,-218.020000,-137.976000,6.320000
307.796000,-358.020000,78.024000,6.330000
179.796000,269.980000,-149.976000,6.330000
503.796000,245.980000,-377.976000,6.340000
491.796000,261.980000,-617.976000,6.340000
99.796000,117.980000,-449.976000,6.350000
399.796000,265.980000,-541.976000,6.350000
311.796000,-310.020000,-149.976000,6.360000
267.796000,33.980000,-489.976000,6.360000
359.796000,-306.020000,-221.976000,6.360000
691.796000,-118.020000,-605.976000,6.370000
467.796000,-278.020000,106.024000,6.370000
631.796000,33.980000,-477.976000,6.380000
483.796000,13.980000,-157.976000,6.380000
407.796000,313.980000,-257.976000,6.390000
683.796000,157.980000,-313.976000,6.390000
451.796000,229.980000,-525.976000,6.400000
687.796000,373.980000,-477.976000,6.400000
831.796000,-294.020000,46.024000,6.410000
559.796000,-154.020000,250.024000,6.410000
559.796000,-638.020000,854.024000,6.420000
587.796000,-310.020000,402.024000,6.420000
419.796000,-446.020000,178.024000,6.420000
547.796000,169.980000,-145.976000,6.430000
199.796000,-34.020000,198.024000,6.430000
403.796000,309.980000,-361.976000,6.440000
387.796000,13.980000,94.024000,6.440000
-136.204000,309.980000,-213.976000,6.450000
-100.204000,-282.020000,386.024000,6.450000
283.796000,-34.020000,-485.976000,6.460000
307.796000,-350.020000,174.024000,6.460000
351.796000,-238.020000,-613.976000,6.470000
371.796000,-590.020000,-177.976000,6.470000
91.796000,-182.020000,-589.976000,6.480000
55.796000,-158.020000,-57.976000,6.480000
527.796000,525.980000,-649.976000,6.480000
1059.796000,497.980000,-209.976000,6.490000
587.796000,177.980000,-557.976000,6.490000
387.796000,97.980000,-113.976000,6.500000
371.796000,-306.020000,-57.976000,6.500000
671.796000,-334.020000,190.024000,6.510000
571.796000,-438.020000,310.024000,6.510000
715.796000,-90.020000,-77.976000,6.520000
539.796000,-206.020000,98.024000,6.520000
743.796000,173.980000,-449.976000,6.530000
351.796000,-198.020000,-25.976000,6.530000
251.796000,297.980000,-901.976000,6.530000
367.796000,-38.020000,-385.976000,6.540000
223.796000,121.980000,-637.976000,6.540000
303.796000,101.980000,-53.976000,6.550000
771.796000,-210.020000,-541.976000,6.550000
335.796000,-306.020000,494.024000,6.560000
-120.204000,-78.020000,-381.976000,6.560000
283.796000,-394.020000,14.024000,6.570000
271.796000,165.980000,-165.976000,6.570000
339.796000,-90.020000,118.024000,6.580000
163.796000,37.980000,2.024000,6.580000
451.796000,57.980000,334.024000,6.590000
275.796000,81.980000,-289.976000,6.590000
423.796000,-74.020000,-149.976000,6.590000
-80.204000,-162.020000,-341.976000,6.600000
443.796000,-306.020000,-317.976000,6.600000
411.796000,-306.020000,-497.976000,6.610000
219.796000,-118.020000,-681.976000,6.610000
303.796000,-154.020000,-213.976000,6.620000
595.796000,189.980000,-433.976000,6.620000
231.796000,-42.020000,-5.976000,6.630000
591.796000,373.980000,-441.976000,6.630000
483.796000,-18.020000,-9.976000,6.640000
439.796000,97.980000,-533.976000,6.640000
339.796000,-18.020000,270.024000,6.650000
531.796000,-246.020000,-273.976000,6.650000
547.796000,-266.020000,294.024000,6.650000
435.796000,-42.020000,-209.976000,6.660000
543.796000,-214.020000,274.024000,6.660000
255.796000,129.980000,-65.976000,6.670000
487.796000,85.980000,202.024000,6.670000
259.796000,-230.020000,-201.976000,6.680000
-52.204000,217.980000,-77.976000,6.680000
195.796000,25.980000,-189.976000,6.690000
603.796000,-70.020000,-393.976000,6.690000
195.796000,-138.020000,38.024000,6.700000
351.796000,-222.020000,-401.976000,6.700000
255.796000,-426.020000,-41.976000,6.710000
107.796000,-42.020000,-277.976000,6.710000
207.796000,-70.020000,-81.976000,6.710000
447.796000,201.980000,-657.976000,6.720000
211.796000,-178.020000,-109.976000,6.720000
3.796000,125.980000,-501.976000,6.730000
367.796000,-102.020000,-37.976000,6.730000
507.796000,185.980000,-213.976000,6.740000
323.796000,45.980000,38.024000,6.740000
263.796000,101.980000,-389.976000,6.750000
83.796000,-30.020000,-261.976000,6.750000
123.796000,-114.020000,-373.976000,6.760000
555.796000,-270.020000,-141.976000,6.760000
275.796000,-126.020000,-161.976000,6.760000
203.796000,-54.020000,-181.976000,6.770000
507.796000,-78.020000,-269.976000,6.770000
291.796000,173.980000,-221.976000,6.780000
223.796000,-174.020000,-149.976000,6.780000
451.796000,-42.020000,-477.976000,6.790000
139.796000,-306.020000,26.024000,6.790000
275.796000,5.980000,-149.976000,6.800000
183.796000,-158.020000,334.024000,6.800000
447.796000,121.980000,-173.976000,6.810000
183.796000,-14.020000,174.024000,6.810000
-32.204000,201.980000,-381.976000,6.820000
223.796000,-86.020000,138.024000,6.820000
415.796000,109.980000,-373.976000,6.820000
255.796000,1.980000,78.024000,6.830000
359.796000,-154.020000,-249.976000,6.830000
155.796000,-82.020000,130.024000,6.840000
315.796000,-226.020000,-473.976000,6.840000
367.796000,-198.020000,-265.976000,6.850000
427.796000,129.980000,-349.976000,6.850000
615.796000,-146.020000,-253.976000,6.860000
307.796000,-46.020000,-293.976000,6.860000
395.796000,293.980000,-425.976000,6.870000
339.796000,-258.020000,-333.976000,6.870000
403.796000,-118.020000,-489.976000,6.880000
51.796000,-38.020000,-377.976000,6.880000
247.796000,-246.020000,-621.976000,6.890000
323.796000,-10.020000,-249.976000,6.890000
459.796000,89.980000,-361.976000,6.890000
315.796000,-214.020000,-45.976000,6.900000
187.796000,109.980000,-137.976000,6.900000
583.796000,-70.020000,230.024000,6.910000
223.796000,-66.020000,-245.976000,6.910000
283.796000,229.980000,-209.976000,6.920000
435.796000,53.980000,-305.976000,6.920000
207.796000,121.980000,18.024000,6.930000
155.796000,-182.020000,-113.976000,6.930000
519.796000,-190.020000,38.024000,6.940000
423.796000,-142.020000,-49.976000,6.940000
251.796000,13.980000,-417.976000,6.950000
255.796000,-110.020000,-437.976000,6.950000
451.796000,-182.020000,-289.976000,6.950000
227.796000,-286.020000,38.024000,6.960000
135.796000,49.980000,154.024000,6.960000
279.796000,-146.020000,82.024000,6.970000
207.796000,-58.020000,-365.976000,6.970000
259.796000,33.980000,-321.976000,6.980000
179.796000,53.980000,-469.976000,6.980000
275.796000,-34.020000,-533.976000,6.990000
323.796000,-146.020000,-141.976000,6.990000
151.796000,-42.020000,-65.976000,7.000000
99.796000,29.980000,70.024000,7.000000
455.796000,-38.020000,-269.976000,7.010000
223.796000,9.980000,-265.976000,7.010000
407.796000,-82.020000,-401.976000,7.010000
327.796000,-170.020000,-429.976000,7.020000
247.796000,-186.020000,-185.976000,7.020000
451.796000,-58.020000,-209.976000,7.030000
463.796000,21.980000,-181.976000,7.030000
543.796000,-2.020000,-89.976000,7.040000
447.796000,149.980000,-165.976000,7.040000
119.796000,-46.020000,90.024000,7.050000
439.796000,-382.020000,-29.976000,7.050000
355.796000,-342.020000,-65.976000,7.060000
315.796000,-266.020000,126.024000,7.060000
459.796000,-138.020000,-181.976000,7.070000
583.796000,-298.020000,-145.976000,7.070000
503.796000,-2.020000,-173.976000,7.070000
307.796000,-118.020000,-489.976000,7.080000
179.796000,157.980000,-225.976000,7.080000
199.796000,193.980000,-437.976000,7.090000
287.796000,353.980000,-377.976000,7.090000
303.796000,37.980000,-305.976000,7.100000
455.796000,-90.020000,-261.976000,7.100000
403.796000,-194.020000,-165.976000,7.110000
443.796000,-170.020000,-129.976000,7.110000
215.796000,-58.020000,-97.976000,7.120000
407.796000,-54.020000,34.024000,7.120000
535.796000,-226.020000,-125.976000,7.130000
231.796000,133.980000,-205.976000,7.130000
139.796000,37.980000,-129.976000,7.130000
351.796000,-26.020000,-221.976000,7.140000
459.796000,221.980000,-225.976000,7.140000
415.796000,185.980000,-313.976000,7.150000
635.796000,-46.020000,-321.976000,7.150000
279.796000,-78.020000,-165.976000,7.160000
179.796000,109.980000,-425.976000,7.160000
643.796000,-250.020000,-53.976000,7.170000
343.796000,-86.020000,-65.976000,7.170000
251.796000,-50.020000,206.024000,7.180000
675.796000,77.980000,-141.976000,7.180000
635.796000,-110.020000,-325.976000,7.190000
275.796000,-230.020000,-5.976000,7.190000
251.796000,-258.020000,-101.976000,7.190000
327.796000,-110.020000,114.024000,7.200000
487.796000,57.980000,-293.976000,7.200000
471.796000,157.980000,-9.976000,7.210000
527.796000,-66.020000,-317.976000,7.210000
191.796000,-122.020000,-137.976000,7.220000
295.796000,45.980000,-381.976000,7.220000
387.796000,-106.020000,-149.976000,7.230000
559.796000,285.980000,-609.976000,7.230000
435.796000,9.980000,-421.976000,7.240000
487.796000,-82.020000,-177.976000,7.240000
147.796000,-6.020000,74.024000,7.250000
527.796000,-226.020000,-337.976000,7.250000
559.796000,-166.020000,-117.976000,7.250000
611.796000,-14.020000,-101.976000,7.260000
571.796000,49.980000,-61.976000,7.260000
775.796000,89.980000,62.024000,7.270000
767.796000,-50.020000,-61.976000,7.270000
311.796000,-66.020000,-181.976000,7.280000
559.796000,-114.020000,-89.976000,7.280000
555.796000,-122.020000,98.024000,7.290000
503.796000,41.980000,-133.976000,7.290000
483.796000,-210.020000,-17.976000,7.300000
823.796000,-82.020000,-325.976000,7.300000
415.796000,-354.020000,-45.976000,7.300000
287.796000,-138.020000,-221.976000,7.310000
343.796000,-46.020000,-73.976000,7.310000
515.796000,333.980000,-333.976000,7.320000
807.796000,-42.020000,94.024000,7.320000
799.796000,441.980000,-565.976000,7.330000
423.796000,-122.020000,62.024000,7.330000
499.796000,-226.020000,-213.976000,7.340000
535.796000,-166.020000,-161.976000,7.340000
551.796000,-142.020000,-305.976000,7.350000
487.796000,-2.020000,-109.976000,7.350000
799.796000,113.980000,-261.976000,7.360000
631.796000,-262.020000,-109.976000,7.360000
555.796000,-234.020000,-329.976000,7.360000
903.796000,93.980000,-89.976000,7.370000
847.796000,25.980000,30.024000,7.370000
739.796000,197.980000,-613.976000,7.380000
567.796000,121.980000,-37.976000,7.380000
799.796000,-122.020000,-377.976000,7.390000
427.796000,-390.020000,-93.976000,7.390000
455.796000,-174.020000,-393.976000,7.400000
663.796000,-258.020000,-53.976000,7.400000
567.796000,241.980000,-289.976000,7.410000
643.796000,21.980000,-13.976000,7.410000
595.796000,237.980000,-365.976000,7.420000
723.796000,9.980000,-61.976000,7.420000
359.796000,-190.020000,-517.976000,7.420000
407.796000,-106.020000,-117.976000,7.430000
723.796000,89.980000,-437.976000,7.430000
651.796000,-186.020000,26.024000,7.440000
295.796000,129.980000,-165.976000,7.440000
483.796000,89.980000,-213.976000,7.450000
339.796000,-442.020000,-101.976000,7.450000
411.796000,-114.020000,-101.976000,7.460000
283.796000,65.980000,-481.976000,7.460000
583.796000,185.980000,-353.976000,7.470000
503.796000,61.980000,-229.976000,7.470000
547.796000,-66.020000,86.024000,7.470000
567.796000,-302.020000,-57.976000,7.480000
847.796000,-26.020000,-153.976000,7.480000
427.796000,-26.020000,-181.976000,7.490000
107.796000,221.980000,-229.976000,7.490000
739.796000,-78.020000,-161.976000,7.500000
859.796000,-110.020000,-473.976000,7.500000
375.796000,-146.020000,270.024000,7.510000
387.796000,-318.020000,-17.976000,7.510000
659.796000,-82.020000,198.024000,7.520000
831.796000,81.980000,-301.976000,7.520000
467.796000,77.980000,54.024000,7.530000
255.796000,217.980000,-565.976000,7.530000
411.796000,113.980000,-297.976000,7.530000
359.796000,-238.020000,-277.976000,7.540000
451.796000,-38.020000,58.024000,7.540000
343.796000,225.980000,-137.976000,7.550000
215.796000,273.980000,18.024000,7.550000
639.796000,73.980000,-69.976000,7.560000
311.796000,177.980000,-305.976000,7.560000
499.796000,-358.020000,-281.976000,7.570000
535.796000,-374.020000,46.024000,7.570000
207.796000,-166.020000,154.024000,7.580000
151.796000,61.980000,-437.976000,7.580000
319.796000,33.980000,-29.976000,7.590000
435.796000,213.980000,-469.976000,7.590000
215.796000,89.980000,-17.976000,7.590000
123.796000,-242.020000,-409.976000,7.600000
227.796000,-162.020000,330.024000,7.600000
275.796000,149.980000,-701.976000,7.610000
295.796000,89.980000,-393.976000,7.610000
-4.204000,289.980000,-645.976000,7.620000
363.796000,-374.020000,226.024000,7.620000
-48.204000,-374.020000,-125.976000,7.630000
167.796000,-190.020000,-65.976000,7.630000
219.796000,-182.020000,-233.976000,7.640000
607.796000,-66.020000,14.024000,7.640000
387.796000,105.980000,-81.976000,7.650000
323.796000,-58.020000,-85.976000,7.650000
-224.204000,-146.020000,-197.976000,7.650000
-184.204000,-22.020000,-317.976000,7.660000
131.796000,-30.020000,-317.976000,7.660000
143.796000,217.980000,-349.976000,7.670000
91.796000,-118.020000,162.024000,7.670000
331.796000,-114.020000,-253.976000,7.680000
75.796000,-298.020000,10.024000,7.680000
163.796000,-110.020000,-133.976000,7.690000
367.796000,77.980000,-193.976000,7.690000
223.796000,117.980000,-417.976000,7.700000
-28.204000,129.980000,606.024000,7.700000
331.796000,85.980000,-377.976000,7.710000
-128.204000,-142.020000,58.024000,7.710000
-160.204000,-142.020000,-621.976000,7.710000
223.796000,-190.020000,-37.976000,7.720000
223.796000,-30.020000,-257.976000,7.720000
135.796000,169.980000,-161.976000,7.730000
15.796000,205.980000,-373.976000,7.730000
411.796000,21.980000,-477.976000,7.740000
-148.204000,-282.020000,-101.976000,7.740000
215.796000,41.980000,94.024000,7.750000
-164.204000,13.980000,358.024000,7.750000
139.796000,237.980000,-485.976000,7.760000
39.796000,89.980000,-37.976000,7.760000
91.796000,29.980000,-193.976000,7.760000
-24.204000,-250.020000,46.024000,7.770000
15.796000,5.980000,-413.976000,7.770000
127.796000,-214.020000,-405.976000,7.780000
383.796000,181.980000,-557.976000,7.780000
235.796000,153.980000,-1.976000,7.790000
99.796000,141.980000,-197.976000,7.790000
143.796000,-46.020000,2.024000,7.800000
127.796000,-354.020000,-441.976000,7.800000
111.796000,-178.020000,-145.976000,7.810000
-112.204000,-18.020000,-301.976000,7.810000
171.796000,85.980000,-5.976000,7.820000
75.796000,-18.020000,-101.976000,7.820000
371.796000,-46.020000,-157.976000,7.820000
95.796000,-418.020000,82.024000,7.830000
-56.204000,117.980000,-253.976000,7.830000
391.796000,145.980000,-161.976000,7.840000
515.796000,213.980000,-349.976000,7.840000
119.796000,181.980000,-321.976000,7.850000
19.796000,-126.020000,-589.976000,7.850000
215.796000,-282.020000,-153.976000,7.860000
267.796000,-138.020000,-193.976000,7.860000
615.796000,-230.020000,-41.976000,7.870000
207.796000,93.980000,-81.976000,7.870000
431.796000,201.980000,-233.976000,7.880000
231.796000,-178.020000,-137.976000,7.880000
11.796000,-42.020000,-81.976000,7.880000
191.796000,-234.020000,-185.976000,7.890000
247.796000,-154.020000,-249.976000,7.890000
11.796000,269.980000,-61.976000,7.900000
451.796000,181.980000,-513.976000,7.900000
435.796000,-102.020000,-89.976000,7.910000
267.796000,-206.020000,-333.976000,7.910000
83.796000,-298.020000,-53.976000,7.920000
491.796000,-398.020000,70.024000,7.920000
407.796000,-50.020000,-129.976000,7.930000
271.796000,137.980000,-185.976000,7.930000
395.796000,149.980000,-109.976000,7.940000
199.796000,37.980000,82.024000,7.940000
51.796000,-170.020000,-49.976000,7.940000
359.796000,-290.020000,438.024000,7.950000
43.796000,-298.020000,470.024000,7.950000
267.796000,-46.020000,466.024000,7.960000
315.796000,125.980000,330.024000,7.960000
443.796000,-118.020000,254.024000,7.970000
287.796000,-158.020000,-145.976000,7.970000
207.796000,1.980000,-665.976000,7.980000
419.796000,-162.020000,-629.976000,7.980000
619.796000,65.980000,-1129.976000,7.990000
347.796000,41.980000,-697.976000,7.990000
315.796000,-126.020000,-633.976000,8.000000
83.796000,-46.020000,-501.976000,8.000000
331.796000,-50.020000,-157.976000,8.000000
407.796000,-198.020000,-293.976000,8.010000
483.796000,289.980000,-593.976000,8.010000
635.796000,25.980000,-25.976000,8.020000
539.796000,-22.020000,74.024000,8.020000
115.796000,-62.020000,410.024000,8.030000
587.796000,-302.020000,450.024000,8.030000
691.796000,-162.020000,222.024000,8.040000
815.796000,-122.020000,274.024000,8.040000
335.796000,25.980000,186.024000,8.050000
563.796000,221.980000,-25.976000,8.050000
511.796000,-110.020000,-549.976000,8.060000
467.796000,-266.020000,-301.976000,8.060000
439.796000,-110.020000,-353.976000,8.060000
735.796000,-106.020000,-297.976000,8.070000
543.796000,393.980000,-533.976000,8.070000
495.796000,349.980000,-317.976000,8.080000
627.796000,273.980000,-413.976000,8.080000
287.796000,-62.020000,-73.976000,8.090000
487.796000,-206.020000,-213.976000,8.090000
439.796000,-162.020000,-205.976000,8.100000
675.796000,-214.020000,-385.976000,8.100000
583.796000,61.980000,-377.976000,8.100000
687.796000,109.980000,-585.976000,8.110000
467.796000,-278.020000,142.024000,8.110000
1091.796000,-294.020000,106.024000,8.120000
1287.796000,-254.020000,66.024000,8.120000
643.796000,-346.020000,-141.976000,8.130000
1059.796000,97.980000,-317.976000,8.130000
703.796000,217.980000,-81.976000,8.140000
895.796000,57.980000,-845.976000,8.140000
423.796000,97.980000,-577.976000,8.150000
363.796000,77.980000,-389.976000,8.150000
399.796000,-206.020000,26.024000,8.160000
491.796000,1.980000,-361.976000,8.160000
383.796000,-222.020000,6.024000,8.170000
407.796000,-302.020000,18.024000,8.170000
539.796000,-146.020000,142.024000,8.170000
883.796000,-110.020000,54.024000,8.180000
835.796000,-282.020000,498.024000,8.180000
1015.796000,-102.020000,-193.976000,8.190000
903.796000,125.980000,394.024000,8.190000
283.796000,113.980000,174.024000,8.200000
499.796000,297.980000,-65.976000,8.200000
575.796000,97.980000,-301.976000,8.210000
363.796000,-470.020000,-601.976000,8.210000
131.796000,-478.020000,-289.976000,8.220000
499.796000,-178.020000,-361.976000,8.220000
619.796000,-302.020000,-225.976000,8.230000
759.796000,85.980000,-329.976000,8.230000
915.796000,117.980000,-445.976000,8.230000
575.796000,117.980000,-293.976000,8.240000
515.796000,-190.020000,-449.976000,8.240000
359.796000,105.980000,-461.976000,8.250000
463.796000,-62.020000,-437.976000,8.250000
383.796000,121.980000,-565.976000,8.260000
767.796000,-50.020000,-277.976000,8.260000
503.796000,-338.020000,-445.976000,8.270000
727.796000,-198.020000,-301.976000,8.270000
699.796000,-286.020000,-229.976000,8.280000
779.796000,-82.020000,130.024000,8.280000
679.796000,-178.020000,358.024000,8.280000
747.796000,177.980000,314.024000,8.290000
707.796000,137.980000,-17.976000,8.290000
647.796000,49.980000,-217.976000,8.300000
207.796000,-6.020000,-121.976000,8.300000
327.796000,13.980000,-117.976000,8.310000
215.796000,-30.020000,-97.976000,8.310000
67.796000,157.980000,-153.976000,8.320000
255.796000,125.980000,-73.976000,8.320000
99.796000,21.980000,-337.976000,8.330000
411.796000,-270.020000,-369.976000,8.330000
923.796000,-70.020000,-633.976000,8.340000
847.796000,-242.020000,-313.976000,8.340000
759.796000,81.980000,-433.976000,8.340000
835.796000,121.980000,50.024000,8.350000
791.796000,93.980000,-13.976000,8.350000
879.796000,157.980000,-61.976000,8.360000
575.796000,157.980000,-553.976000,8.360000
315.796000,57.980000,-501.976000,8.370000
627.796000,-294.020000,-393.976000,8.370000
643.796000,-126.020000,-425.976000,8.380000
339.796000,-222.020000,-9.976000,8.380000
495.796000,-150.020000,114.024000,8.390000
351.796000,-226.020000,318.024000,8.390000
331.796000,-206.020000,-73.976000,8.400000
395.796000,-190.020000,90.024000,8.400000
431.796000,109.980000,110.024000,8.400000
559.796000,85.980000,166.024000,8.410000
659.796000,-10.020000,-629.976000,8.410000
335.796000,-186.020000,-117.976000,8.420000
311.796000,-18.020000,-517.976000,8.420000
215.796000,-262.020000,-141.976000,8.430000
315.796000,29.980000,-401.976000,8.430000
759.796000,249.980000,-189.976000,8.440000
475.796000,137.980000,-441.976000,8.440000
263.796000,-30.020000,-381.976000,8.440000
295.796000,-10.020000,-385.976000,8.450000
427.796000,-246.020000,62.024000,8.460000
407.796000,-38.020000,-265.976000,8.460000
503.796000,57.980000,-241.976000,8.460000
431.796000,-258.020000,-681.976000,8.470000
723.796000,77.980000,-261.976000,8.470000
555.796000,197.980000,-305.976000,8.480000
415.796000,-170.020000,-441.976000,8.480000
283.796000,-122.020000,-153.976000,8.490000
619.796000,-150.020000,-113.976000,8.490000
467.796000,-430.020000,242.024000,8.500000
467.796000,-54.020000,82.024000,8.500000
423.796000,61.980000,278.024000,8.510000
507.796000,-78.020000,-237.976000,8.510000
511.796000,-6.020000,-81.976000,8.520000
327.796000,-186.020000,-353.976000,8.520000
259.796000,-270.020000,58.024000,8.520000
35.796000,13.980000,-341.976000,8.530000
223.796000,41.980000,-65.976000,8.530000
123.796000,-278.020000,-729.976000,8.540000
215.796000,-210.020000,-153.976000,8.540000
331.796000,-130.020000,-421.976000,8.550000
375.796000,-226.020000,-153.976000,8.550000
303.796000,133.980000,-221.976000,8.560000
527.796000,185.980000,-81.976000,8.560000
507.796000,33.980000,-45.976000,8.560000
355.796000,125.980000,98.024000,8.570000
459.796000,-50.020000,186.024000,8.570000
527.796000,29.980000,-129.976000,8.580000
335.796000,-94.020000,78.024000,8.580000
439.796000,-142.020000,-341.976000,8.590000
11.796000,-230.020000,-141.976000,8.590000
-12.204000,45.980000,-537.976000,8.600000
131.796000,-42.020000,-529.976000,8.600000
427.796000,29.980000,-89.976000,8.610000
475.796000,-142.020000,-109.976000,8.610000
483.796000,161.980000,-181.976000,8.620000
539.796000,-70.020000,-133.976000,8.620000
443.796000,81.980000,-173.976000,8.630000
459.796000,25.980000,-49.976000,8.630000
-176.204000,-206.020000,-469.976000,8.640000
-16.204000,-314.020000,-221.976000,8.640000
87.796000,-186.020000,-349.976000,8.640000
379.796000,-86.020000,-361.976000,8.650000
251.796000,225.980000,-113.976000,8.650000
475.796000,65.980000,26.024000,8.660000
235.796000,13.980000,114.024000,8.660000
319.796000,-6.020000,110.024000,8.670000
295.796000,-162.020000,-369.976000,8.670000
323.796000,149.980000,-465.976000,8.680000
131.796000,49.980000,-281.976000,8.680000
375.796000,-106.020000,-421.976000,8.690000
383.796000,-54.020000,-133.976000,8.690000
7.796000,-102.020000,-509.976000,8.690000
307.796000,-138.020000,-161.976000,8.700000
175.796000,-2.020000,222.024000,8.700000
427.796000,-46.020000,138.024000,8.710000
371.796000,-42.020000,-89.976000,8.710000
399.796000,97.980000,-157.976000,8.720000
411.796000,-38.020000,-405.976000,8.720000
495.796000,-62.020000,-149.976000,8.730000
239.796000,21.980000,-73.976000,8.730000
187.796000,-162.020000,-37.976000,8.740000
-116.204000,-118.020000,-297.976000,8.740000
-64.204000,65.980000,-425.976000,8.750000
-228.204000,289.980000,-625.976000,8.750000
187.796000,-82.020000,-577.976000,8.760000
239.796000,165.980000,-473.976000,8.760000
31.796000,-94.020000,-273.976000,8.760000
99.796000,-190.020000,-13.976000,8.770000
215.796000,165.980000,10.024000,8.770000
431.796000,121.980000,54.024000,8.780000
527.796000,-294.020000,-37.976000,8.780000
431.796000,-2.020000,-33.976000,8.790000
347.796000,-298.020000,-9.976000,8.790000
359.796000,-74.020000,-117.976000,8.800000
535.796000,145.980000,-149.976000,8.800000
507.796000,25.980000,-13.976000,8.810000
-20.204000,-90.020000,-541.976000,8.810000
99.796000,-22.020000,-117.976000,8.810000
139.796000,-102.020000,-433.976000,8.820000
279.796000,-102.020000,-181.976000,8.820000
287.796000,193.980000,-197.976000,8.830000
207.796000,-70.020000,-33.976000,8.830000
303.796000,-66.020000,-217.976000,8.840000
295.796000,-6.020000,-49.976000,8.840000
235.796000,45.980000,-77.976000,8.850000
159.796000,-134.020000,-77.976000,8.850000
439.796000,61.980000,-81.976000,8.860000
267.796000,-114.020000,-389.976000,8.860000
275.796000,-66.020000,-521.976000,8.870000
175.796000,141.980000,-265.976000,8.870000
407.796000,161.980000,246.024000,8.880000
347.796000,-42.020000,-173.976000,8.880000
491.796000,1.980000,-97.976000,8.880000
379.796000,-118.020000,-61.976000,8.890000
279.796000,-278.020000,-205.976000,8.890000
311.796000,17.980000,-109.976000,8.900000
195.796000,-290.020000,58.024000,8.900000
311.796000,-198.020000,-341.976000,8.910000
255.796000,13.980000,-361.976000,8.910000
331.796000,-54.020000,-337.976000,8.920000
591.796000,-222.020000,-217.976000,8.920000
435.796000,193.980000,-181.976000,8.930000
391.796000,89.980000,34.024000,8.930000
559.796000,193.980000,50.024000,8.940000
555.796000,61.980000,-133.976000,8.940000
359.796000,-62.020000,-353.976000,8.940000
207.796000,-186.020000,-461.976000,8.950000
287.796000,-98.020000,-145.976000,8.950000
435.796000,-166.020000,-385.976000,8.960000
467.796000,69.980000,-185.976000,8.960000
119.796000,117.980000,18.024000,8.970000
555.796000,-70.020000,-213.976000,8.970000
635.796000,101.980000,-61.976000,8.980000
443.796000,29.980000,-477.976000,8.980000
575.796000,-154.020000,-341.976000,8.980000
563.796000,5.980000,-361.976000,8.990000
431.796000,73.980000,-217.976000,8.990000
543.796000,-26.020000,-277.976000,9.000000
631.796000,-254.020000,-333.976000,9.000000
735.796000,-110.020000,-485.976000,9.010000
451.796000,-58.020000,38.024000,9.010000
307.796000,153.980000,-161.976000,9.020000
327.796000,-206.020000,-253.976000,9.020000
695.796000,-166.020000,-697.976000,9.030000
603.796000,5.980000,-213.976000,9.030000
543.796000,17.980000,-109.976000,9.030000
543.796000,-226.020000,126.024000,9.040000
611.796000,57.980000,126.024000,9.050000
607.796000,-118.020000,198.024000,9.050000
483.796000,-178.020000,-137.976000,9.050000
419.796000,-6.020000,-53.976000,9.060000
391.796000,-90.020000,-241.976000,9.060000
487.796000,-406.020000,-357.976000,9.070000
507.796000,233.980000,-277.976000,9.070000
403.796000,-26.020000,-321.976000,9.080000
631.796000,61.980000,-1.976000,9.080000
663.796000,321.980000,54.024000,9.090000
711.796000,93.980000,86.024000,9.090000
507.796000,-402.020000,-193.976000,9.100000
347.796000,73.980000,-197.976000,9.100000
527.796000,-166.020000,-225.976000,9.100000
335.796000,-266.020000,-37.976000,9.110000
675.796000,73.980000,-313.976000,9.110000
647.796000,-18.020000,-197.976000,9.120000
515.796000,-238.020000,-205.976000,9.120000
651.796000,193.980000,-21.976000,9.130000
507.796000,101.980000,-61.976000,9.130000
399.796000,-242.020000,-217.976000,9.140000
875.796000,105.980000,-413.976000,9.140000
751.796000,-42.020000,-69.976000,9.150000
627.796000,-318.020000,-193.976000,9.150000
903.796000,141.980000,-133.976000,9.150000
731.796000,-46.020000,-45.976000,9.160000
579.796000,-218.020000,-69.976000,9.160000
783.796000,37.980000,-305.976000,9.170000
799.796000,-62.020000,-89.976000,9.170000
507.796000,-114.020000,-417.976000,9.180000
503.796000,129.980000,-421.976000,9.180000
311.796000,-206.020000,-357.976000,9.190000
151.796000,-142.020000,-305.976000,9.190000
467.796000,129.980000,-533.976000,9.200000
831.796000,81.980000,154.024000,9.200000
531.796000,-206.020000,22.024000,9.210000
559.796000,193.980000,-37.976000,9.210000
